0 0.289322 0.493302 0.392958 0.133321
0 0.289322 0.606035 0.392958 0.066944
0 0.711691 0.473472 0.392990 0.093434
0 0.711675 0.599362 0.392958 0.080290
0 0.295989 0.659407 0.406291 0.012348
0 0.289453 0.798554 0.393219 0.163068
0 0.711724 0.805896 0.393056 0.207626
0 0.342018 0.929110 0.498350 0.012033
0 0.500882 0.363958 0.816078 0.024609
0 0.466168 0.251553 0.746650 0.036086
0 0.454199 0.189236 0.722712 0.038447
1 0.471405 0.145941 0.757124 0.046604
1 0.128088 0.408813 0.070490 0.015960
1 0.145359 0.709596 0.105033 0.016313
