0 0.286985 0.440322 0.393775 0.221780
0 0.286977 0.617967 0.393758 0.074217
0 0.286985 0.773801 0.393775 0.178030
0 0.708489 0.380600 0.393840 0.103801
0 0.286969 0.907670 0.393742 0.028902
0 0.708456 0.610928 0.393775 0.236629
0 0.708456 0.840928 0.393775 0.162386
0 0.265972 0.112973 0.351748 0.011881
0 0.241495 0.277803 0.289853 0.023712
3 0.497696 0.193030 0.815196 0.131515
1 0.164616 0.573586 0.149036 0.013939
1 0.215204 0.677008 0.250212 0.014823
1 0.120384 0.885101 0.060572 0.013939
1 0.540907 0.455278 0.058676 0.015985
1 0.706487 0.477146 0.389837 0.028788
1 0.700989 0.751269 0.378840 0.014634
