0 0.286977 0.217784 0.393758 0.221705
0 0.286985 0.529337 0.393775 0.340417
0 0.286977 0.818144 0.393758 0.178283
0 0.708480 0.306799 0.393824 0.370189
0 0.708423 0.536761 0.393709 0.028902
0 0.708440 0.603504 0.393742 0.043750
0 0.708431 0.655486 0.393725 0.028902
0 0.708448 0.699956 0.393758 0.028902
0 0.708440 0.744501 0.393742 0.028902
0 0.708448 0.796395 0.393758 0.043750
0 0.689779 0.840941 0.356422 0.014053
0 0.708799 0.897828 0.394461 0.038207
1 0.144469 0.351010 0.108742 0.013939
1 0.132908 0.721919 0.085621 0.013939
1 0.610662 0.113662 0.198186 0.013939
1 0.595899 0.514596 0.168660 0.015985
1 0.604453 0.573990 0.185768 0.015985
1 0.592484 0.870732 0.161830 0.015985
