0 0.286977 0.269678 0.393758 0.088220
0 0.286985 0.447759 0.393775 0.236629
0 0.286985 0.751875 0.393775 0.310795
0 0.708440 0.277102 0.393742 0.073371
0 0.708456 0.418049 0.393775 0.177235
0 0.708448 0.610928 0.393758 0.147538
0 0.708472 0.811231 0.393807 0.192083
0 0.394828 0.112973 0.609461 0.011881
0 0.263521 0.205000 0.333905 0.012045
3 0.497696 0.159545 0.815196 0.064545
1 0.286797 0.588434 0.393399 0.013939
1 0.561846 0.232298 0.100556 0.013939
1 0.557410 0.529040 0.091683 0.013939
1 0.540907 0.707475 0.058676 0.015985
