0 0.286977 0.321610 0.393758 0.043750
0 0.286977 0.499678 0.393758 0.221705
0 0.286977 0.685133 0.393758 0.088220
0 0.286977 0.796420 0.393758 0.073371
0 0.708448 0.351319 0.393758 0.103144
0 0.286977 0.892822 0.393758 0.058598
0 0.708456 0.514489 0.393775 0.162386
0 0.708448 0.744489 0.393758 0.236629
0 0.708440 0.907670 0.393742 0.028902
0 0.198611 0.112973 0.217026 0.011881
3 0.497696 0.202348 0.815196 0.150152
1 0.125515 0.366263 0.070833 0.015985
1 0.199526 0.380707 0.218856 0.013939
1 0.226781 0.632904 0.273366 0.013939
1 0.244510 0.751616 0.308824 0.013939
1 0.117451 0.855480 0.054706 0.013939
1 0.550057 0.425177 0.076977 0.013939
1 0.568137 0.618056 0.113137 0.013939
1 0.619428 0.885101 0.215719 0.013939
