0 0.286969 0.521913 0.393742 0.028902
0 0.286977 0.603554 0.393758 0.103068
0 0.286969 0.714804 0.393742 0.088295
0 0.286969 0.863163 0.393742 0.117917
0 0.708448 0.136206 0.393758 0.058523
0 0.708497 0.269716 0.393856 0.147538
0 0.708456 0.373592 0.393775 0.028902
0 0.630637 0.409362 0.238137 0.016604
0 0.708480 0.469634 0.393824 0.074066
0 0.708448 0.588706 0.393758 0.132765
0 0.708456 0.714804 0.393775 0.088295
0 0.708456 0.863163 0.393775 0.117917
0 0.287369 0.379931 0.394542 0.177412
4 0.286977 0.196477 0.393824 0.173258
1 0.156618 0.781641 0.133039 0.015985
1 0.188415 0.796086 0.196634 0.013939
1 0.540539 0.187828 0.057941 0.013939
1 0.603513 0.781641 0.183889 0.015985
1 0.598979 0.796086 0.174820 0.013939
