0 0.286993 0.202936 0.393791 0.162462
0 0.286977 0.373554 0.393758 0.147614
0 0.286985 0.551622 0.393775 0.177235
0 0.286977 0.693687 0.393758 0.075606
0 0.708456 0.165865 0.393775 0.117841
0 0.286977 0.848314 0.393758 0.147614
0 0.708456 0.314236 0.393775 0.147614
0 0.708456 0.514489 0.393775 0.192083
0 0.708464 0.707380 0.393791 0.162386
0 0.708480 0.870221 0.393824 0.103826
1 0.139363 0.114066 0.098529 0.015985
1 0.125515 0.752020 0.070833 0.015985
1 0.187100 0.766465 0.194003 0.013939
1 0.689461 0.410404 0.355784 0.013939
1 0.622386 0.810934 0.221634 0.013939
