0 0.286977 0.329034 0.393758 0.028902
0 0.286969 0.410676 0.393742 0.103068
0 0.286985 0.507115 0.393775 0.058523
0 0.286969 0.625777 0.393742 0.117841
0 0.286985 0.766723 0.393775 0.103068
0 0.708448 0.403251 0.393758 0.058523
0 0.286969 0.885436 0.393742 0.073371
0 0.708489 0.559034 0.393840 0.192083
0 0.708489 0.796395 0.393840 0.251477
0 0.188031 0.112973 0.195866 0.011881
0 0.630515 0.112973 0.237892 0.011881
0 0.238660 0.275606 0.284183 0.023712
0 0.614297 0.334470 0.192320 0.012045
3 0.300833 0.191932 0.421471 0.129318
3 0.708088 0.224280 0.393039 0.194015
1 0.150392 0.558737 0.120588 0.013939
1 0.150343 0.707071 0.120490 0.013939
1 0.169420 0.840631 0.158644 0.013939
1 0.554428 0.455278 0.085719 0.015985
