0 0.286985 0.536761 0.393775 0.147538
0 0.286977 0.699615 0.393758 0.148346
0 0.708448 0.484842 0.393758 0.043674
0 0.286977 0.855751 0.393758 0.132765
0 0.708489 0.633201 0.393840 0.162386
0 0.708391 0.744476 0.393644 0.028952
0 0.708440 0.788939 0.393742 0.028965
0 0.708431 0.833491 0.393725 0.028952
0 0.708456 0.892835 0.393775 0.058598
0 0.323431 0.391982 0.466667 0.014242
0 0.325155 0.405543 0.470114 0.014242
4 0.497819 0.243232 0.815441 0.267020
1 0.597908 0.529040 0.172680 0.013939
1 0.587998 0.543920 0.152859 0.013876
