0 0.286985 0.329034 0.393775 0.058598
0 0.286977 0.455170 0.393758 0.132689
0 0.286969 0.588681 0.393742 0.073422
0 0.708448 0.388403 0.393758 0.177311
0 0.286961 0.662872 0.393725 0.043674
0 0.708448 0.610928 0.393758 0.147538
0 0.339265 0.112973 0.498333 0.011881
0 0.497941 0.723542 0.815686 0.035896
0 0.193824 0.284924 0.194510 0.012045
3 0.497696 0.199508 0.815196 0.144470
3 0.497696 0.834962 0.815196 0.170379
1 0.119493 0.381111 0.058791 0.015985
1 0.249493 0.543845 0.318791 0.014028
1 0.695703 0.506768 0.368268 0.028788
1 0.638015 0.529072 0.252892 0.013876
