0 0.286969 0.329072 0.393742 0.117917
0 0.286977 0.492254 0.393758 0.147614
0 0.286985 0.640587 0.393775 0.088220
0 0.286977 0.796383 0.393758 0.162386
0 0.708440 0.343920 0.393742 0.117917
0 0.708456 0.507102 0.393775 0.147614
0 0.598292 0.618352 0.173448 0.014053
0 0.652655 0.648062 0.282173 0.014053
0 0.678725 0.677670 0.334314 0.014053
0 0.690645 0.707380 0.358154 0.014053
0 0.708448 0.774148 0.393758 0.058523
0 0.709003 0.866547 0.394869 0.064735
0 0.197655 0.112973 0.215114 0.011881
3 0.497696 0.191932 0.815196 0.129318
1 0.196642 0.410404 0.213088 0.013939
1 0.141054 0.588434 0.101912 0.013939
1 0.143529 0.707071 0.106863 0.013939
1 0.547165 0.276843 0.071193 0.013939
1 0.594322 0.425177 0.165507 0.013939
1 0.568905 0.603611 0.114673 0.015985
1 0.604453 0.737172 0.185768 0.015985
1 0.592484 0.826187 0.161830 0.015985
