0 0.286985 0.180663 0.393775 0.117917
0 0.286977 0.284539 0.393758 0.058523
0 0.286985 0.447759 0.393775 0.236629
0 0.286985 0.640600 0.393775 0.117917
0 0.286977 0.759312 0.393758 0.088220
0 0.708489 0.165865 0.393840 0.117841
0 0.286977 0.870600 0.393758 0.103068
0 0.708448 0.321660 0.393758 0.162462
0 0.708448 0.477431 0.393758 0.117917
0 0.708456 0.618378 0.393775 0.132689
0 0.708480 0.826080 0.393824 0.192083
1 0.141806 0.114066 0.103415 0.015985
1 0.605270 0.707475 0.187402 0.015985
1 0.634722 0.721919 0.246307 0.013939
