0 0.289306 0.516048 0.392925 0.106768
0 0.289355 0.642033 0.393023 0.119949
0 0.711708 0.516080 0.393023 0.106705
0 0.711699 0.648636 0.393007 0.106768
0 0.346397 0.721926 0.507108 0.012311
0 0.711740 0.823876 0.393088 0.118636
0 0.289322 0.838782 0.392958 0.118523
0 0.494412 0.923731 0.803137 0.024003
0 0.496879 0.399943 0.808072 0.024609
0 0.498440 0.269545 0.811193 0.072071
0 0.460842 0.189236 0.735997 0.038447
1 0.492361 0.145903 0.799036 0.046679
1 0.128088 0.444798 0.070490 0.015960
1 0.145359 0.772096 0.105033 0.016313
