0 0.286985 0.254905 0.393775 0.295947
0 0.286977 0.529350 0.393758 0.221780
0 0.286985 0.737077 0.393775 0.162386
0 0.708480 0.512797 0.393824 0.147614
0 0.286969 0.892822 0.393742 0.058598
0 0.708448 0.690814 0.393758 0.147614
0 0.708480 0.831635 0.393824 0.044003
0 0.708448 0.905928 0.393758 0.043750
0 0.705433 0.118958 0.387729 0.023851
0 0.709199 0.376932 0.382124 0.047121
3 0.709069 0.242727 0.395000 0.206970
1 0.119493 0.841035 0.058791 0.015985
1 0.158497 0.855480 0.136797 0.013939
1 0.613897 0.608965 0.204657 0.013939
1 0.707002 0.794381 0.390866 0.028712
1 0.573382 0.876042 0.123627 0.013876
