0 0.286969 0.121345 0.393742 0.028826
0 0.286993 0.217778 0.393791 0.132803
0 0.286985 0.484830 0.393775 0.340492
0 0.286969 0.707367 0.393742 0.043750
0 0.286985 0.826080 0.393775 0.132689
0 0.708448 0.180713 0.393758 0.147538
0 0.708448 0.321660 0.393758 0.103068
0 0.708448 0.425524 0.393758 0.073371
0 0.708456 0.618352 0.393775 0.251477
0 0.708480 0.848314 0.393824 0.147614
1 0.200866 0.306540 0.221536 0.013939
1 0.124673 0.677449 0.069150 0.013939
1 0.203407 0.751648 0.226618 0.013876
1 0.605384 0.484602 0.187631 0.013876
1 0.655817 0.766496 0.288497 0.013876
