0 0.497770 0.513617 0.630049 0.088422
0 0.497770 0.594104 0.630049 0.058788
0 0.286977 0.760543 0.393758 0.147551
0 0.708448 0.686395 0.393758 0.028902
0 0.286977 0.886660 0.393758 0.073371
0 0.708464 0.767948 0.393791 0.103068
0 0.708440 0.886648 0.393742 0.043674
0 0.492353 0.395707 0.804510 0.023662
0 0.493284 0.231604 0.806373 0.023510
0 0.176536 0.184287 0.172876 0.021679
1 0.482320 0.150177 0.784444 0.046490
1 0.218627 0.458081 0.071765 0.015985
1 0.141806 0.679066 0.103415 0.015985
1 0.699134 0.849672 0.375131 0.030833
