0 0.286977 0.180663 0.393758 0.117917
0 0.286985 0.388403 0.393775 0.266250
0 0.286985 0.603554 0.393775 0.132765
0 0.286985 0.751888 0.393775 0.132765
0 0.708448 0.210372 0.393758 0.206856
0 0.286985 0.885436 0.393775 0.073371
0 0.708440 0.358744 0.393742 0.058598
0 0.708497 0.462595 0.393856 0.058598
0 0.708497 0.566420 0.393856 0.058523
0 0.708497 0.662860 0.393856 0.073371
0 0.708448 0.796420 0.393758 0.103068
0 0.708456 0.892835 0.393775 0.058598
1 0.139363 0.114066 0.098529 0.015985
1 0.125515 0.841035 0.070833 0.015985
1 0.581691 0.410404 0.140245 0.013939
1 0.707141 0.425208 0.391144 0.013876
1 0.675270 0.521648 0.327402 0.028725
1 0.708342 0.618087 0.393546 0.013876
1 0.707843 0.729375 0.392549 0.028725
