0 0.286985 0.544186 0.393775 0.221780
0 0.286977 0.707380 0.393758 0.073447
0 0.286953 0.774160 0.393709 0.028826
0 0.708440 0.447759 0.393742 0.028902
0 0.286985 0.878011 0.393775 0.088220
0 0.708456 0.521963 0.393775 0.088220
0 0.708440 0.655436 0.393742 0.117917
0 0.708448 0.789009 0.393758 0.117917
0 0.708448 0.900246 0.393758 0.043750
0 0.493676 0.118958 0.807157 0.023851
3 0.498333 0.258977 0.816471 0.239470
1 0.125515 0.811338 0.070833 0.015985
1 0.112917 0.825783 0.045637 0.013939
1 0.599788 0.588434 0.176438 0.013939
1 0.607590 0.870328 0.192042 0.013939
