0 0.286977 0.418049 0.393758 0.206932
0 0.286985 0.581269 0.393775 0.058523
0 0.708440 0.336471 0.393742 0.043750
0 0.286977 0.699981 0.393758 0.117917
0 0.708456 0.432936 0.393775 0.088220
0 0.708448 0.566420 0.393758 0.088220
0 0.708431 0.685133 0.393725 0.058523
0 0.708423 0.744501 0.393709 0.028902
0 0.330515 0.112973 0.480833 0.011881
0 0.292312 0.777822 0.404428 0.011881
3 0.497696 0.199508 0.815196 0.144470
3 0.497696 0.850303 0.815196 0.116364
1 0.123775 0.543889 0.067353 0.013939
1 0.212051 0.632904 0.243905 0.013939
1 0.573873 0.380707 0.124608 0.013939
1 0.540907 0.499823 0.058676 0.015985
1 0.600989 0.514192 0.178840 0.013939
1 0.682435 0.640328 0.341732 0.028788
