0 0.286977 0.128769 0.393758 0.043674
0 0.286977 0.247431 0.393758 0.162437
0 0.286977 0.380979 0.393758 0.073371
0 0.286977 0.469962 0.393758 0.073409
0 0.286977 0.603542 0.393758 0.103068
0 0.286985 0.714804 0.393775 0.088295
0 0.286993 0.840890 0.393791 0.103068
0 0.708456 0.188087 0.393775 0.132765
0 0.708480 0.329085 0.393824 0.117917
0 0.708489 0.536774 0.393840 0.266326
0 0.708440 0.751875 0.393742 0.103068
0 0.708456 0.870600 0.393775 0.103068
1 0.125515 0.529444 0.070833 0.015985
1 0.117761 0.543889 0.055327 0.013939
1 0.127672 0.781313 0.075147 0.013939
1 0.583913 0.113662 0.144690 0.013939
1 0.570147 0.692260 0.117157 0.014015
