0 0.286977 0.269716 0.393758 0.028902
0 0.286985 0.395814 0.393775 0.162462
0 0.286977 0.551572 0.393758 0.088220
0 0.708448 0.277153 0.393758 0.043750
0 0.286985 0.648024 0.393775 0.073371
0 0.708448 0.351319 0.393758 0.073447
0 0.708480 0.551572 0.393824 0.266250
0 0.487206 0.118958 0.794216 0.023851
0 0.482655 0.716610 0.785114 0.023851
0 0.497851 0.235833 0.802565 0.023712
3 0.497696 0.178030 0.815196 0.077576
3 0.497696 0.828485 0.815196 0.183333
1 0.166895 0.306540 0.153595 0.013939
1 0.145637 0.499419 0.111078 0.013939
1 0.582271 0.410404 0.141405 0.013939
