0 0.286961 0.299375 0.393725 0.028826
0 0.286985 0.380966 0.393775 0.073371
0 0.286961 0.484830 0.393725 0.073371
0 0.286953 0.551610 0.393709 0.028927
0 0.286977 0.625789 0.393758 0.088295
0 0.286985 0.729653 0.393775 0.088295
0 0.286977 0.826092 0.393758 0.073447
0 0.708505 0.314236 0.393873 0.058523
0 0.286969 0.907670 0.393742 0.028902
0 0.708472 0.477443 0.393807 0.206932
0 0.708440 0.648011 0.393742 0.073371
0 0.708448 0.781572 0.393758 0.103093
0 0.708480 0.892822 0.393824 0.058598
0 0.269158 0.112973 0.358121 0.011881
0 0.470768 0.262652 0.748399 0.023712
3 0.497696 0.185455 0.815196 0.116364
1 0.155743 0.336162 0.131291 0.013939
1 0.129649 0.440025 0.079101 0.013939
1 0.128652 0.885101 0.077108 0.013939
1 0.573873 0.365859 0.124608 0.013939
1 0.542508 0.603283 0.061879 0.013939
1 0.540907 0.707475 0.058676 0.015985
1 0.551136 0.721919 0.079134 0.013939
1 0.575253 0.855480 0.127369 0.013939
