0 0.286977 0.373542 0.393758 0.088220
0 0.286977 0.477418 0.393758 0.088220
0 0.286961 0.603542 0.393725 0.103068
0 0.708440 0.254880 0.393742 0.028902
0 0.286985 0.803807 0.393775 0.236629
0 0.708448 0.373592 0.393758 0.177235
0 0.708489 0.610979 0.393840 0.266250
0 0.708440 0.840941 0.393742 0.162386
0 0.252941 0.118958 0.325686 0.023851
0 0.688938 0.112973 0.354739 0.011881
0 0.264518 0.296894 0.335899 0.012045
3 0.300833 0.211477 0.421471 0.144470
3 0.708480 0.159545 0.393824 0.064545
1 0.157132 0.543889 0.134069 0.013939
1 0.133039 0.677854 0.085882 0.015985
