0 0.286985 0.366155 0.393775 0.073447
0 0.286985 0.469994 0.393775 0.103068
0 0.286977 0.588706 0.393758 0.103068
0 0.708456 0.358744 0.393775 0.058598
0 0.286977 0.729602 0.393758 0.117917
0 0.708440 0.432910 0.393742 0.058598
0 0.708448 0.551622 0.393758 0.147538
0 0.708456 0.722216 0.393775 0.132689
0 0.197941 0.112973 0.215686 0.011881
0 0.190229 0.815398 0.200261 0.011881
3 0.498333 0.205341 0.816471 0.156136
3 0.497696 0.874886 0.815196 0.090530
1 0.153007 0.662601 0.125817 0.013939
1 0.554428 0.648157 0.085719 0.015985
