0 0.286977 0.477405 0.393758 0.325644
0 0.286977 0.707418 0.393758 0.103068
0 0.286985 0.818655 0.393775 0.058598
0 0.708423 0.121357 0.393709 0.028826
0 0.286969 0.892822 0.393742 0.028902
0 0.708464 0.366155 0.393791 0.399811
0 0.708456 0.759299 0.393775 0.325644
0 0.270147 0.118958 0.360098 0.023851
0 0.276675 0.276818 0.360212 0.023712
3 0.287402 0.198523 0.394608 0.118561
1 0.171005 0.781313 0.161814 0.013939
1 0.152451 0.870328 0.124706 0.013939
1 0.540907 0.158535 0.058676 0.015985
1 0.554428 0.588838 0.085719 0.015985
