0 0.286977 0.225208 0.393758 0.236553
0 0.286969 0.381016 0.393742 0.043750
0 0.286985 0.514501 0.393775 0.192083
0 0.286977 0.670297 0.393758 0.088220
0 0.286977 0.759312 0.393758 0.058523
0 0.286985 0.848327 0.393775 0.088220
0 0.708448 0.136206 0.393758 0.058523
0 0.708456 0.277165 0.393775 0.192083
0 0.708448 0.484830 0.393758 0.132765
0 0.708456 0.625789 0.393775 0.117841
0 0.708456 0.744463 0.393775 0.088220
0 0.708472 0.863176 0.393807 0.117917
1 0.546928 0.395960 0.070719 0.015985
1 0.554028 0.410404 0.084918 0.013939
