0 0.286977 0.165852 0.393758 0.117841
0 0.286993 0.269729 0.393791 0.058598
0 0.286977 0.418062 0.393758 0.206932
0 0.286985 0.640625 0.393775 0.177235
0 0.708456 0.217797 0.393775 0.221705
0 0.708440 0.418087 0.393742 0.117917
0 0.708431 0.529337 0.393725 0.043750
0 0.708448 0.610979 0.393758 0.088220
0 0.708456 0.707380 0.393775 0.073447
0 0.185523 0.776534 0.190850 0.011881
3 0.497696 0.855492 0.815196 0.129318
1 0.129649 0.543889 0.079101 0.013939
1 0.575850 0.351010 0.128562 0.013939
1 0.540907 0.499823 0.058676 0.015985
