0 0.286985 0.121345 0.393775 0.028826
0 0.286977 0.202936 0.393758 0.103068
0 0.286985 0.373580 0.393775 0.177235
0 0.286977 0.529388 0.393758 0.103068
0 0.286961 0.648024 0.393725 0.103068
0 0.286985 0.751888 0.393775 0.073371
0 0.708448 0.202986 0.393758 0.192083
0 0.708440 0.366130 0.393742 0.103068
0 0.708440 0.462607 0.393742 0.058598
0 0.708464 0.573870 0.393791 0.132765
0 0.708448 0.700006 0.393758 0.088220
0 0.708374 0.774173 0.393611 0.028826
0 0.497794 0.810966 0.815392 0.023927
3 0.497696 0.875682 0.815196 0.088939
1 0.133039 0.277247 0.085882 0.015985
