0 0.286985 0.403239 0.393775 0.058523
0 0.286961 0.536755 0.393725 0.147551
0 0.286985 0.781572 0.393775 0.281098
0 0.708480 0.551610 0.393824 0.325568
0 0.708456 0.803845 0.393775 0.117917
0 0.708431 0.907670 0.393725 0.028902
0 0.435114 0.112973 0.690033 0.011881
0 0.371765 0.332727 0.550392 0.023712
3 0.497696 0.220492 0.815196 0.186439
1 0.193227 0.454874 0.206258 0.013939
1 0.157819 0.632904 0.135441 0.013939
1 0.701642 0.380707 0.380147 0.013939
1 0.575221 0.736768 0.127304 0.013939
1 0.540359 0.885133 0.057582 0.013876
