0 0.286985 0.306799 0.393775 0.340492
0 0.708440 0.151054 0.393742 0.088220
0 0.286985 0.722216 0.393775 0.399811
0 0.708440 0.247456 0.393742 0.073447
0 0.708448 0.380966 0.393758 0.132765
0 0.708448 0.529375 0.393758 0.103068
0 0.708440 0.640625 0.393742 0.028902
0 0.708448 0.699943 0.393758 0.028902
0 0.708448 0.766723 0.393758 0.043674
0 0.708423 0.833504 0.393709 0.028902
0 0.708423 0.892822 0.393709 0.028902
1 0.263088 0.121086 0.345980 0.028788
1 0.279020 0.506806 0.377843 0.028712
1 0.573676 0.306540 0.124216 0.013939
1 0.636299 0.469722 0.249461 0.013939
1 0.547165 0.603283 0.071193 0.013939
1 0.526830 0.618087 0.030523 0.013876
1 0.525588 0.677481 0.028039 0.013876
1 0.532173 0.736799 0.041209 0.013876
1 0.529935 0.810966 0.036732 0.013876
1 0.527002 0.870360 0.030866 0.013876
