0 0.497704 0.539141 0.722663 0.118131
0 0.497721 0.627064 0.722696 0.043952
0 0.497696 0.707551 0.722647 0.103434
0 0.497688 0.780657 0.722631 0.029192
0 0.286969 0.872898 0.393742 0.028902
0 0.286961 0.917456 0.393725 0.028902
0 0.708448 0.895170 0.393758 0.073447
0 0.492353 0.406465 0.804510 0.023662
0 0.315523 0.248346 0.450850 0.011540
0 0.183807 0.207014 0.187418 0.021679
1 0.498391 0.161540 0.816585 0.069217
1 0.172165 0.468763 0.071585 0.015985
1 0.163815 0.850808 0.147435 0.015985
1 0.560874 0.850808 0.098611 0.015985
