0 0.286961 0.373580 0.393725 0.028902
0 0.286977 0.521913 0.393758 0.206932
0 0.286985 0.729640 0.393775 0.147538
0 0.286985 0.863163 0.393775 0.058523
0 0.708440 0.403239 0.393742 0.058523
0 0.708431 0.574299 0.393725 0.028826
0 0.708431 0.730019 0.393725 0.028902
0 0.708431 0.891458 0.393725 0.028902
0 0.670703 0.538977 0.318268 0.011970
0 0.693546 0.694735 0.363954 0.011970
0 0.630850 0.856168 0.238562 0.011982
0 0.217312 0.112973 0.254428 0.011881
0 0.638750 0.112973 0.254363 0.011881
4 0.712206 0.488763 0.273824 0.075101
4 0.711773 0.645467 0.282761 0.074672
4 0.695572 0.804381 0.228791 0.070202
3 0.300833 0.239091 0.421471 0.223636
3 0.497696 0.238390 0.815196 0.225038
1 0.160376 0.410404 0.140556 0.013939
1 0.182418 0.647753 0.184641 0.013939
1 0.177410 0.825814 0.174624 0.013876
1 0.582770 0.365890 0.142402 0.013876
