0 0.289322 0.613295 0.392958 0.212879
0 0.711691 0.540612 0.392990 0.066604
0 0.289338 0.745922 0.392990 0.027172
0 0.711675 0.639836 0.392958 0.093434
0 0.711650 0.732639 0.392908 0.053737
0 0.711683 0.825183 0.392974 0.073321
0 0.289281 0.832607 0.392876 0.058472
0 0.500735 0.899148 0.815784 0.048018
0 0.500980 0.456761 0.816275 0.024609
0 0.500882 0.301736 0.816078 0.095997
0 0.487900 0.199306 0.790114 0.058586
1 0.489118 0.146023 0.792549 0.046439
1 0.128088 0.488965 0.070490 0.015960
1 0.145359 0.795808 0.105033 0.016313
