0 0.289330 0.480379 0.392974 0.146591
0 0.289371 0.593112 0.393056 0.053699
0 0.711699 0.480442 0.393007 0.146465
0 0.711699 0.593087 0.393007 0.053750
0 0.711724 0.735208 0.393056 0.132639
0 0.289330 0.787153 0.392974 0.206806
0 0.711699 0.868744 0.393007 0.043624
0 0.500743 0.923712 0.815801 0.024040
0 0.496879 0.344375 0.808072 0.024684
0 0.453121 0.225385 0.720556 0.024028
0 0.310915 0.179116 0.436144 0.018232
1 0.500801 0.145947 0.815915 0.046591
1 0.128088 0.389268 0.070490 0.015960
1 0.145359 0.676187 0.105033 0.016313
1 0.614126 0.824520 0.197859 0.016313
1 0.566773 0.838706 0.103154 0.013371
