0 0.289289 0.440606 0.392892 0.067020
0 0.289338 0.540101 0.392990 0.106692
0 0.711699 0.500486 0.393007 0.185922
0 0.289355 0.632885 0.393023 0.053699
0 0.711691 0.639514 0.392990 0.040467
0 0.711691 0.767569 0.392990 0.117790
0 0.289322 0.797266 0.392958 0.147487
0 0.711634 0.856610 0.392876 0.028775
0 0.500637 0.911723 0.815588 0.048018
0 0.496879 0.344375 0.808072 0.024684
0 0.472990 0.225385 0.760294 0.024028
0 0.429052 0.179129 0.672418 0.018207
1 0.494583 0.146023 0.803480 0.046439
1 0.128088 0.389268 0.070490 0.015960
1 0.145359 0.715960 0.105033 0.016313
