0 0.289306 0.140903 0.392925 0.073245
0 0.289297 0.252191 0.392908 0.088093
0 0.289346 0.378327 0.393007 0.102942
0 0.289355 0.563699 0.393023 0.206894
0 0.289322 0.756660 0.392958 0.117790
0 0.711732 0.170600 0.393072 0.132639
0 0.289297 0.882721 0.392908 0.073245
0 0.711740 0.356054 0.393088 0.177184
0 0.711683 0.541509 0.392974 0.132639
0 0.711732 0.689583 0.393072 0.133157
0 0.711667 0.815979 0.392941 0.088093
0 0.711732 0.904994 0.393072 0.028699
1 0.130310 0.200221 0.074935 0.014381
1 0.132410 0.318933 0.079134 0.014381
1 0.156503 0.452115 0.127320 0.013371
1 0.140980 0.689463 0.096275 0.013371
1 0.263358 0.837797 0.341029 0.013371
1 0.711446 0.259236 0.392500 0.013371
1 0.593807 0.466888 0.157222 0.013371
1 0.624877 0.882298 0.219363 0.013460
