0 0.289306 0.482153 0.392925 0.043624
0 0.289306 0.600827 0.392925 0.102942
0 0.289314 0.712115 0.392941 0.088093
0 0.711716 0.519274 0.393039 0.236503
0 0.289371 0.860486 0.393056 0.117715
0 0.711708 0.764034 0.393023 0.221654
0 0.711658 0.904981 0.392925 0.028699
0 0.289828 0.383011 0.393971 0.119987
0 0.711658 0.325587 0.392925 0.096048
4 0.304020 0.217405 0.422353 0.194659
4 0.712042 0.194697 0.393758 0.149242
1 0.258023 0.533706 0.330359 0.028220
1 0.289493 0.785903 0.393301 0.028220
1 0.118399 0.110511 0.051111 0.011856
1 0.540768 0.110511 0.051144 0.011856
