0 0.289322 0.522045 0.392958 0.093561
0 0.289387 0.614918 0.393088 0.066907
0 0.711732 0.554836 0.393072 0.160556
0 0.289363 0.687841 0.393039 0.053636
0 0.711691 0.687790 0.392990 0.053737
0 0.711691 0.817456 0.392990 0.147412
0 0.289330 0.834994 0.392974 0.102942
0 0.478472 0.923731 0.771258 0.024003
0 0.496879 0.412557 0.808072 0.024684
0 0.390833 0.269545 0.595980 0.072071
0 0.489763 0.189242 0.793840 0.038434
1 0.479845 0.145915 0.774003 0.046654
1 0.128088 0.457449 0.070490 0.015960
1 0.145359 0.775884 0.105033 0.016313
