0 0.289306 0.526168 0.392925 0.080290
0 0.289346 0.619034 0.393007 0.080189
0 0.711699 0.552872 0.393007 0.132967
0 0.289322 0.686351 0.392958 0.029167
0 0.711667 0.672033 0.392941 0.053737
0 0.289330 0.826585 0.392974 0.117790
0 0.711708 0.801660 0.393023 0.147487
0 0.500025 0.923415 0.814363 0.024634
0 0.500980 0.423314 0.816275 0.024684
0 0.500694 0.286294 0.815703 0.060088
0 0.497876 0.211963 0.810065 0.038422
1 0.479845 0.157386 0.774003 0.069167
1 0.128088 0.468131 0.070490 0.015960
1 0.145359 0.760126 0.105033 0.016313
