0 0.289306 0.479432 0.392925 0.080303
0 0.711634 0.466395 0.392876 0.053346
0 0.289322 0.585556 0.392958 0.106692
0 0.711634 0.539110 0.392876 0.053674
0 0.711658 0.612045 0.392925 0.053712
0 0.289289 0.776433 0.392892 0.147487
0 0.711683 0.702229 0.392974 0.028775
0 0.289273 0.880259 0.392859 0.028775
0 0.711691 0.820941 0.392990 0.177109
0 0.272353 0.929110 0.359020 0.012033
0 0.496879 0.376572 0.808072 0.024684
0 0.361814 0.251553 0.537941 0.036086
0 0.476095 0.189236 0.766503 0.038447
1 0.483366 0.146023 0.781046 0.046439
1 0.128088 0.421465 0.070490 0.015960
1 0.145359 0.695126 0.105033 0.016313
