0 0.286961 0.536761 0.393725 0.028902
0 0.286977 0.603504 0.393758 0.043750
0 0.708440 0.136206 0.393742 0.058523
0 0.286993 0.803807 0.393791 0.236629
0 0.708440 0.217784 0.393742 0.043674
0 0.708505 0.388390 0.393873 0.266250
0 0.708480 0.655473 0.393824 0.206932
0 0.708448 0.848327 0.393758 0.147614
0 0.287271 0.420240 0.394346 0.136364
4 0.286961 0.226856 0.393725 0.234015
1 0.117157 0.573586 0.054118 0.013939
1 0.119493 0.648157 0.058791 0.015985
1 0.256822 0.670025 0.333448 0.028788
1 0.624191 0.187828 0.225245 0.013939
1 0.554428 0.544293 0.085719 0.015985
