0 0.286977 0.751875 0.393758 0.073371
0 0.286977 0.863176 0.393758 0.117917
0 0.708423 0.121357 0.393709 0.028826
0 0.708431 0.202948 0.393725 0.103068
0 0.708472 0.388403 0.393807 0.236553
0 0.708472 0.551622 0.393807 0.058598
0 0.708505 0.670284 0.393873 0.117917
0 0.708440 0.796433 0.393742 0.103068
0 0.708489 0.892835 0.393840 0.058598
0 0.287034 0.616376 0.393873 0.055000
4 0.287108 0.338523 0.394085 0.457348
1 0.164665 0.692626 0.149134 0.015985
1 0.130082 0.707071 0.079967 0.013939
1 0.554428 0.603611 0.085719 0.015985
