0 0.286985 0.210284 0.393775 0.207033
0 0.286969 0.499678 0.393742 0.310821
0 0.286977 0.737027 0.393758 0.103068
0 0.286977 0.870587 0.393758 0.073371
0 0.708489 0.158428 0.393840 0.073447
0 0.708480 0.299375 0.393824 0.147614
0 0.708456 0.558996 0.393775 0.310821
0 0.708456 0.818655 0.393775 0.147538
1 0.174575 0.336162 0.168954 0.013939
1 0.150041 0.677449 0.119886 0.013939
1 0.271070 0.818359 0.361944 0.028788
1 0.632574 0.113662 0.242010 0.013939
1 0.672402 0.217525 0.321667 0.013939
1 0.608824 0.395556 0.194510 0.013939
1 0.569232 0.736768 0.115327 0.013939
