0 0.286985 0.195549 0.393775 0.177235
0 0.286977 0.380979 0.393758 0.162462
0 0.286985 0.603535 0.393775 0.251414
0 0.282884 0.781534 0.385572 0.014053
0 0.286953 0.833516 0.393709 0.058598
0 0.708456 0.395814 0.393775 0.043674
0 0.708489 0.588681 0.393840 0.310846
0 0.603627 0.323801 0.184118 0.014242
0 0.629959 0.774337 0.236781 0.011881
4 0.708431 0.202386 0.393725 0.185076
3 0.709510 0.854394 0.395882 0.131515
1 0.180172 0.752020 0.180147 0.015985
1 0.147075 0.766465 0.113954 0.013939
1 0.576054 0.365859 0.128971 0.013939
