0 0.286977 0.136193 0.393758 0.058523
0 0.286985 0.284527 0.393775 0.147614
0 0.286985 0.395827 0.393775 0.043674
0 0.286993 0.507115 0.393791 0.147614
0 0.286969 0.640600 0.393742 0.088220
0 0.286953 0.714804 0.393709 0.028902
0 0.286977 0.774160 0.393758 0.058523
0 0.286985 0.870600 0.393775 0.103068
0 0.708456 0.240069 0.393775 0.266250
0 0.708456 0.514552 0.393775 0.251402
0 0.708440 0.670309 0.393742 0.028826
0 0.708448 0.737090 0.393758 0.073447
0 0.708456 0.855764 0.393775 0.132765
1 0.284028 0.195253 0.387859 0.028788
