0 0.286977 0.151042 0.393758 0.088220
0 0.286985 0.358706 0.393775 0.295947
0 0.286993 0.581269 0.393791 0.088220
0 0.286985 0.729653 0.393775 0.177235
0 0.286977 0.878024 0.393758 0.088220
0 0.708448 0.158479 0.393758 0.103068
0 0.708456 0.284539 0.393775 0.117917
0 0.708480 0.470019 0.393824 0.192083
0 0.708448 0.603516 0.393758 0.043750
0 0.708954 0.728289 0.394771 0.144280
0 0.708652 0.840372 0.394167 0.051477
0 0.706953 0.906054 0.390768 0.051477
1 0.149739 0.529040 0.119281 0.013939
1 0.556961 0.366263 0.090784 0.015985
1 0.592484 0.648157 0.161830 0.015985
