0 0.289314 0.453258 0.392941 0.093561
0 0.289322 0.546124 0.392958 0.066919
0 0.711708 0.446692 0.393023 0.080177
0 0.711601 0.559350 0.392810 0.040467
0 0.383317 0.599432 0.580948 0.012273
0 0.711724 0.694059 0.393056 0.103725
0 0.289355 0.768251 0.393023 0.222311
0 0.711716 0.820114 0.393039 0.118586
0 0.500605 0.917102 0.815523 0.036048
0 0.496830 0.343769 0.807974 0.024684
0 0.420441 0.231370 0.655196 0.035997
0 0.452974 0.179122 0.720261 0.018220
1 0.491577 0.145960 0.797467 0.046566
1 0.128088 0.388586 0.070490 0.015960
1 0.145359 0.649672 0.105033 0.016313
