0 0.286985 0.225177 0.393775 0.206944
0 0.286977 0.425486 0.393758 0.162386
0 0.286985 0.640638 0.393775 0.236629
0 0.708431 0.121357 0.393725 0.028826
0 0.286985 0.848327 0.393775 0.147614
0 0.708480 0.217797 0.393824 0.132765
0 0.708456 0.373542 0.393775 0.088220
0 0.708489 0.551610 0.393840 0.177235
0 0.708448 0.707367 0.393758 0.073447
0 0.708489 0.833516 0.393840 0.147538
1 0.139363 0.114066 0.098529 0.015985
1 0.546928 0.306944 0.070719 0.015985
1 0.546577 0.321389 0.070016 0.013939
1 0.562279 0.440025 0.101422 0.013939
1 0.583333 0.454905 0.143529 0.013876
1 0.572941 0.662633 0.122745 0.013876
