0 0.286985 0.180701 0.393775 0.147538
0 0.286985 0.381004 0.393775 0.192083
0 0.286969 0.588693 0.393742 0.132765
0 0.286969 0.751875 0.393742 0.132765
0 0.286969 0.878024 0.393742 0.088220
0 0.708456 0.151004 0.393775 0.058598
0 0.708448 0.254867 0.393758 0.088295
0 0.708456 0.359823 0.393775 0.090455
0 0.708448 0.514489 0.393758 0.192083
0 0.708456 0.744495 0.393775 0.206944
0 0.708448 0.900246 0.393758 0.043750
1 0.195776 0.276875 0.211356 0.013876
1 0.146683 0.499451 0.113170 0.013876
1 0.286969 0.514223 0.393742 0.013876
1 0.167966 0.677481 0.155735 0.013876
1 0.572516 0.113693 0.121895 0.013876
1 0.581438 0.202708 0.139739 0.013876
1 0.635662 0.632828 0.248186 0.014091
1 0.658881 0.870328 0.294624 0.013939
