0 0.286985 0.647929 0.393775 0.132955
0 0.286985 0.848314 0.393775 0.147614
0 0.708440 0.321660 0.393742 0.103068
0 0.708480 0.514489 0.393824 0.221806
0 0.708448 0.685145 0.393758 0.088220
0 0.708456 0.833516 0.393775 0.177260
0 0.287410 0.429104 0.394624 0.177121
0 0.694853 0.118958 0.366569 0.023851
0 0.708979 0.248718 0.381683 0.023851
3 0.708873 0.184470 0.394608 0.090455
4 0.300833 0.221136 0.421471 0.222576
1 0.268489 0.566162 0.356781 0.028788
1 0.287377 0.751616 0.394559 0.043636
1 0.554428 0.395960 0.085719 0.015985
