0 0.497770 0.488049 0.630049 0.058801
0 0.497770 0.568542 0.630049 0.088422
0 0.497680 0.634186 0.629869 0.029104
0 0.286969 0.763542 0.393742 0.103068
0 0.286985 0.874842 0.393775 0.088220
0 0.708448 0.785777 0.393758 0.147538
0 0.708440 0.897077 0.393742 0.043750
0 0.492353 0.384987 0.804510 0.023737
0 0.498015 0.214842 0.815833 0.035492
0 0.307663 0.161528 0.435131 0.021768
1 0.308750 0.138845 0.437304 0.023699
1 0.218627 0.447323 0.071765 0.015985
1 0.190343 0.704293 0.200490 0.015985
1 0.592255 0.704293 0.161373 0.015985
