0 0.286977 0.566420 0.393758 0.088220
0 0.286977 0.714792 0.393758 0.147538
0 0.708456 0.581282 0.393775 0.117917
0 0.286985 0.878011 0.393775 0.088220
0 0.708440 0.744451 0.393742 0.147614
0 0.708448 0.885436 0.393758 0.073371
0 0.380956 0.112973 0.581716 0.011881
0 0.364142 0.497652 0.535147 0.012045
3 0.498333 0.305871 0.816471 0.357197
1 0.170866 0.632936 0.161536 0.013876
1 0.219020 0.810934 0.257843 0.013939
1 0.148039 0.825814 0.115882 0.013876
1 0.592328 0.662633 0.161520 0.013876
1 0.554428 0.841035 0.085719 0.015985
