0 0.500000 0.274770 0.848451 0.151916
0 0.280311 0.502018 0.409074 0.141124
0 0.280328 0.736794 0.409108 0.325977
0 0.719731 0.494119 0.409057 0.182107
0 0.280295 0.914649 0.409040 0.027305
0 0.719731 0.665070 0.409057 0.055402
0 0.719714 0.795587 0.409024 0.029515
0 0.499949 0.372420 0.848350 0.019017
0 0.719722 0.864476 0.409040 0.069847
0 0.278157 0.172682 0.404764 0.008812
0 0.302332 0.153812 0.453114 0.012095
1 0.433586 0.098678 0.715623 0.069617
1 0.124966 0.415702 0.098384 0.013218
1 0.543510 0.610262 0.056616 0.013218
1 0.584714 0.629700 0.139024 0.012580
