0 0.286969 0.136193 0.393742 0.058523
0 0.286985 0.232645 0.393775 0.103068
0 0.286969 0.329047 0.393742 0.058598
0 0.286985 0.410676 0.393775 0.073371
0 0.286977 0.514539 0.393758 0.103068
0 0.286985 0.610941 0.393775 0.058598
0 0.286977 0.722229 0.393758 0.132689
0 0.286977 0.870587 0.393758 0.073371
0 0.708464 0.165865 0.393791 0.117841
0 0.708448 0.291963 0.393758 0.103068
0 0.708456 0.425524 0.393775 0.132765
0 0.708448 0.625777 0.393758 0.206932
0 0.708448 0.811244 0.393758 0.132689
0 0.708448 0.907683 0.393758 0.028902
1 0.269763 0.818359 0.359330 0.028788
1 0.557794 0.514192 0.092451 0.013939
