0 0.286977 0.165852 0.393758 0.117841
0 0.286985 0.455170 0.393775 0.370114
0 0.708448 0.128769 0.393758 0.043674
0 0.286985 0.796383 0.393775 0.251477
0 0.708497 0.306787 0.393856 0.251452
0 0.708489 0.588693 0.393840 0.251402
0 0.708448 0.818655 0.393758 0.117841
1 0.125515 0.247551 0.070833 0.015985
1 0.116830 0.261995 0.053464 0.013939
1 0.153864 0.662601 0.127533 0.013939
1 0.555319 0.172936 0.087500 0.014028
1 0.581405 0.454874 0.139673 0.013939
1 0.542647 0.736768 0.062157 0.013939
1 0.587181 0.751616 0.151225 0.013939
