0 0.286969 0.136193 0.393742 0.058523
0 0.286977 0.217797 0.393758 0.073371
0 0.286969 0.343883 0.393742 0.088295
0 0.286985 0.462569 0.393775 0.117917
0 0.286985 0.633213 0.393775 0.192083
0 0.286977 0.789009 0.393758 0.088220
0 0.708456 0.165865 0.393775 0.117841
0 0.286985 0.885448 0.393775 0.073371
0 0.708456 0.284539 0.393775 0.088220
0 0.708448 0.380991 0.393758 0.073371
0 0.708440 0.484836 0.393742 0.103081
0 0.708448 0.662917 0.393758 0.221793
0 0.708456 0.826105 0.393775 0.073447
0 0.708448 0.900271 0.393758 0.043750
1 0.287018 0.284672 0.393840 0.030833
