0 0.286977 0.136193 0.393758 0.058523
0 0.286977 0.247456 0.393758 0.132689
0 0.286985 0.380979 0.393775 0.103068
0 0.286977 0.499691 0.393758 0.103068
0 0.286977 0.625789 0.393758 0.117841
0 0.286977 0.759312 0.393758 0.117917
0 0.708440 0.128782 0.393742 0.043674
0 0.286985 0.878024 0.393775 0.088220
0 0.708448 0.232645 0.393758 0.132765
0 0.708448 0.351319 0.393758 0.073447
0 0.708448 0.484855 0.393758 0.162462
0 0.708456 0.633188 0.393775 0.103068
0 0.708448 0.737090 0.393758 0.073447
0 0.708456 0.870587 0.393775 0.103068
1 0.689444 0.803914 0.355752 0.030833
