0 0.286969 0.180701 0.393742 0.147538
0 0.286977 0.366155 0.393758 0.162386
0 0.286985 0.588693 0.393775 0.221705
0 0.286977 0.781572 0.393758 0.103068
0 0.183922 0.855789 0.187647 0.014053
0 0.708448 0.128782 0.393758 0.043674
0 0.286969 0.900259 0.393742 0.043750
0 0.708489 0.291989 0.393840 0.221780
0 0.708456 0.514489 0.393775 0.162386
0 0.708440 0.670284 0.393742 0.088220
0 0.708456 0.788996 0.393775 0.088220
0 0.708480 0.900246 0.393824 0.043750
1 0.270547 0.276843 0.360899 0.013939
1 0.209722 0.469722 0.239248 0.013939
1 0.283905 0.721881 0.387614 0.014015
1 0.628848 0.172936 0.234559 0.014028
1 0.630784 0.425208 0.238431 0.013876
1 0.643987 0.618087 0.264837 0.013876
1 0.546119 0.736799 0.069101 0.013876
1 0.682876 0.862904 0.342614 0.028788
