0 0.708489 0.247481 0.393840 0.281098
0 0.286985 0.870587 0.393775 0.103068
0 0.584175 0.425473 0.145212 0.014053
0 0.642369 0.455183 0.261601 0.014053
0 0.645310 0.484880 0.267484 0.014053
0 0.655752 0.514501 0.288366 0.014053
0 0.637655 0.544198 0.252173 0.014053
0 0.651479 0.573895 0.279820 0.014053
0 0.657377 0.603516 0.291618 0.014053
0 0.660931 0.633213 0.298725 0.014053
0 0.617312 0.662910 0.211487 0.014053
0 0.701560 0.692532 0.379984 0.014053
0 0.589158 0.722229 0.155180 0.014053
0 0.610400 0.751926 0.197663 0.014053
0 0.708423 0.803807 0.393709 0.028902
0 0.708456 0.885436 0.393775 0.073371
0 0.287402 0.700202 0.394608 0.177197
4 0.286961 0.356705 0.393725 0.493712
1 0.568905 0.410732 0.114673 0.015985
1 0.595899 0.781641 0.168660 0.015985
1 0.604453 0.841035 0.185768 0.015985
