0 0.286985 0.247481 0.393775 0.281098
0 0.286985 0.581282 0.393775 0.355341
0 0.708456 0.247494 0.393775 0.281098
0 0.286985 0.855739 0.393775 0.132765
0 0.708456 0.492254 0.393775 0.147614
0 0.708440 0.610928 0.393742 0.028902
0 0.708415 0.655486 0.393693 0.028902
0 0.708431 0.699956 0.393725 0.028902
0 0.654722 0.737077 0.286307 0.014053
0 0.708440 0.774160 0.393742 0.028826
0 0.696838 0.811244 0.370539 0.014053
0 0.699681 0.855777 0.376225 0.014053
0 0.705539 0.906048 0.387941 0.024949
1 0.286609 0.781313 0.393023 0.013939
1 0.556961 0.410732 0.090784 0.015985
1 0.604453 0.588838 0.185768 0.015985
1 0.595899 0.841035 0.168660 0.015985
1 0.592484 0.885505 0.161830 0.015985
