0 0.289387 0.178213 0.393088 0.148144
0 0.289379 0.393327 0.393072 0.252008
0 0.289363 0.601067 0.393039 0.133371
0 0.289355 0.779091 0.393023 0.192753
0 0.711724 0.215297 0.393056 0.163068
0 0.711757 0.415530 0.393121 0.177904
0 0.711699 0.586206 0.393007 0.103674
0 0.711708 0.742001 0.393023 0.148144
0 0.711797 0.882948 0.393203 0.073977
1 0.614126 0.111566 0.197859 0.016313
1 0.615025 0.125676 0.199657 0.013371
1 0.611340 0.318554 0.192288 0.013371
1 0.568791 0.526282 0.107190 0.013371
1 0.532034 0.659766 0.033676 0.013371
1 0.590515 0.837872 0.150637 0.013371
