0 0.286985 0.432936 0.393775 0.088220
0 0.286977 0.544160 0.393758 0.103068
0 0.286985 0.699981 0.393775 0.147614
0 0.286969 0.848314 0.393742 0.058523
0 0.708440 0.432948 0.393742 0.088220
0 0.286977 0.907664 0.393758 0.028914
0 0.708448 0.536774 0.393758 0.088295
0 0.708489 0.648011 0.393840 0.073396
0 0.708489 0.777816 0.393840 0.149470
0 0.708448 0.901812 0.393758 0.063826
0 0.480294 0.118958 0.780392 0.023851
3 0.497696 0.257879 0.815196 0.237273
1 0.135539 0.618460 0.090882 0.015985
1 0.125515 0.796490 0.070833 0.015985
1 0.173505 0.810934 0.166814 0.013939
1 0.565980 0.603314 0.108824 0.013876
