0 0.286953 0.284527 0.393709 0.058523
0 0.286969 0.373580 0.393742 0.058598
0 0.286985 0.455170 0.393775 0.043750
0 0.286977 0.551572 0.393758 0.088220
0 0.286985 0.722216 0.393775 0.192083
0 0.708472 0.314236 0.393807 0.117917
0 0.286985 0.878024 0.393775 0.088220
0 0.708489 0.581319 0.393840 0.384962
0 0.708456 0.826092 0.393775 0.073447
0 0.708431 0.907670 0.393725 0.028902
0 0.495000 0.118958 0.809804 0.023851
3 0.497696 0.184470 0.815196 0.090455
1 0.149730 0.336162 0.119265 0.013939
1 0.129649 0.425177 0.079101 0.013939
1 0.249820 0.499419 0.319444 0.013939
1 0.119493 0.618460 0.058791 0.015985
1 0.554428 0.885505 0.085719 0.015985
