0 0.286985 0.388390 0.393775 0.147614
0 0.286977 0.588706 0.393758 0.221705
0 0.708423 0.329047 0.393709 0.028902
0 0.286961 0.833504 0.393725 0.177235
0 0.708480 0.432910 0.393824 0.147538
0 0.708448 0.559009 0.393758 0.073371
0 0.708480 0.714792 0.393824 0.147538
0 0.708456 0.878011 0.393775 0.088220
0 0.351773 0.112973 0.523350 0.011881
0 0.196936 0.295606 0.200735 0.012045
3 0.497696 0.204848 0.815196 0.155152
1 0.275686 0.729343 0.371176 0.028788
1 0.651283 0.625480 0.279428 0.028788
1 0.675155 0.818359 0.327173 0.028788
