0 0.286985 0.351307 0.393775 0.043750
0 0.286977 0.492266 0.393758 0.206856
0 0.286985 0.640638 0.393775 0.058598
0 0.286969 0.737039 0.393742 0.103068
0 0.164812 0.826080 0.149428 0.014053
0 0.246667 0.855789 0.313137 0.014053
0 0.252990 0.885410 0.325784 0.014053
0 0.186430 0.915107 0.192663 0.014053
0 0.669118 0.337045 0.315098 0.017348
0 0.600637 0.366168 0.178137 0.014053
0 0.647500 0.395865 0.271863 0.014053
0 0.629510 0.425486 0.235882 0.014053
0 0.618775 0.455183 0.214412 0.014053
0 0.613627 0.484880 0.204118 0.014053
0 0.708448 0.521926 0.393758 0.028902
0 0.613922 0.559047 0.204706 0.014053
0 0.693881 0.588668 0.364624 0.014053
0 0.604371 0.618365 0.185605 0.014053
0 0.661029 0.648062 0.298922 0.014053
0 0.662051 0.677683 0.300964 0.014053
0 0.599020 0.707380 0.174902 0.014053
0 0.640727 0.737077 0.258317 0.014053
0 0.708415 0.774160 0.393693 0.028826
0 0.597704 0.811244 0.172271 0.014053
0 0.708423 0.863163 0.393709 0.028826
0 0.389477 0.112973 0.598758 0.011881
0 0.497802 0.282386 0.802467 0.058788
3 0.497696 0.186553 0.815196 0.118561
1 0.147525 0.811338 0.114853 0.015985
1 0.595899 0.841035 0.168660 0.015985
