0 0.286969 0.518617 0.393742 0.043674
0 0.264224 0.592822 0.348252 0.014053
0 0.286953 0.644716 0.393709 0.028902
0 0.286969 0.704034 0.393742 0.028902
0 0.286977 0.770852 0.393758 0.043750
0 0.286985 0.845032 0.393775 0.073447
0 0.708448 0.518630 0.393758 0.043674
0 0.286977 0.911774 0.393758 0.028902
0 0.650735 0.577973 0.278333 0.014053
0 0.634118 0.607595 0.245098 0.014053
0 0.708448 0.659577 0.393758 0.058598
0 0.708448 0.718895 0.393758 0.028902
0 0.630972 0.756016 0.238807 0.014053
0 0.708415 0.793100 0.393693 0.028826
0 0.708382 0.837607 0.393627 0.028902
0 0.708448 0.896963 0.393758 0.058523
0 0.239306 0.232285 0.298415 0.014242
0 0.268039 0.305852 0.355882 0.011881
4 0.498031 0.156610 0.815931 0.093674
3 0.498480 0.382235 0.816765 0.124318
1 0.119493 0.563232 0.058791 0.015985
1 0.156471 0.577677 0.132745 0.013939
1 0.124314 0.622222 0.068431 0.013939
1 0.138431 0.681540 0.096667 0.013939
1 0.158742 0.740859 0.137288 0.013939
1 0.560490 0.562828 0.097843 0.013939
