0 0.664748 0.354511 0.363580 0.152982
0 0.271555 0.891948 0.363748 0.027348
0 0.664689 0.501085 0.363429 0.139023
0 0.664613 0.626707 0.363277 0.111104
0 0.664605 0.815171 0.363294 0.180901
0 0.271109 0.817919 0.362857 0.022817
0 0.199765 0.089175 0.220168 0.010761
0 0.654403 0.095051 0.342891 0.023122
0 0.172412 0.547951 0.165462 0.058947
0 0.541681 0.240197 0.117445 0.023439
3 0.271193 0.305476 0.363025 0.414378
3 0.664471 0.166840 0.363025 0.112995
4 0.271193 0.702468 0.363025 0.187957
1 0.118597 0.863769 0.057832 0.015076
1 0.525151 0.710216 0.084387 0.015076
