0 0.286977 0.567064 0.393758 0.058598
0 0.286977 0.626395 0.393758 0.028902
0 0.286977 0.715436 0.393758 0.088220
0 0.286961 0.789653 0.393725 0.028902
0 0.286969 0.863782 0.393742 0.088220
0 0.708456 0.552229 0.393775 0.028902
0 0.708456 0.619009 0.393775 0.073371
0 0.708448 0.708024 0.393758 0.073371
0 0.708431 0.774804 0.393725 0.028902
0 0.708456 0.871193 0.393775 0.103068
0 0.229575 0.112973 0.278954 0.011881
0 0.277214 0.355398 0.374232 0.011881
3 0.497696 0.211326 0.815196 0.168106
3 0.498382 0.420758 0.816569 0.102121
1 0.160000 0.663207 0.139804 0.013939
1 0.554428 0.812020 0.085719 0.015985
