0 0.286977 0.670284 0.393758 0.088220
0 0.708448 0.136206 0.393758 0.058523
0 0.286985 0.826092 0.393775 0.192083
0 0.708448 0.217797 0.393758 0.073371
0 0.708423 0.314186 0.393709 0.028902
0 0.708448 0.418087 0.393758 0.117917
0 0.708962 0.573239 0.394788 0.131199
0 0.590882 0.658807 0.158627 0.011881
0 0.709011 0.777475 0.394886 0.197399
0 0.708211 0.909495 0.393284 0.038207
0 0.287361 0.529861 0.394526 0.136364
4 0.286961 0.281667 0.393725 0.343636
1 0.595899 0.292096 0.168660 0.015985
1 0.604453 0.351414 0.185768 0.015985
1 0.592484 0.499823 0.161830 0.015985
