0 0.286985 0.514489 0.393775 0.192083
0 0.286985 0.670284 0.393775 0.058523
0 0.708440 0.128782 0.393742 0.043674
0 0.286977 0.826080 0.393758 0.192083
0 0.708448 0.225221 0.393758 0.117917
0 0.708456 0.403213 0.393775 0.206932
0 0.708489 0.662872 0.393840 0.281098
0 0.708456 0.885436 0.393775 0.073371
0 0.287181 0.352702 0.394167 0.054924
4 0.286961 0.206667 0.393725 0.193636
1 0.119493 0.633308 0.058791 0.015985
1 0.134134 0.721919 0.088072 0.013939
1 0.542631 0.825783 0.062124 0.013939
1 0.572819 0.840663 0.122500 0.013876
