0 0.286969 0.418087 0.393742 0.088220
0 0.286977 0.507064 0.393758 0.028902
0 0.286961 0.581269 0.393725 0.058523
0 0.708440 0.397418 0.393742 0.037361
0 0.723178 0.435625 0.364395 0.017008
0 0.707851 0.581408 0.394951 0.256452
0 0.286977 0.675663 0.393758 0.063826
0 0.322835 0.112973 0.465474 0.011881
0 0.349453 0.724792 0.518709 0.011881
3 0.497696 0.243674 0.815196 0.232803
3 0.497696 0.829621 0.815196 0.181061
1 0.187247 0.484571 0.194297 0.013939
1 0.134428 0.543920 0.088660 0.013876
1 0.150507 0.632936 0.120817 0.013876
