0 0.286985 0.210360 0.393775 0.147614
0 0.286977 0.395827 0.393758 0.192159
0 0.286977 0.544198 0.393758 0.073447
0 0.286985 0.662872 0.393775 0.132765
0 0.286977 0.811244 0.393758 0.132689
0 0.708456 0.247443 0.393775 0.192083
0 0.708448 0.418087 0.393758 0.088220
0 0.708472 0.603504 0.393807 0.221780
0 0.708456 0.826080 0.393775 0.162386
1 0.139363 0.114066 0.098529 0.015985
1 0.132361 0.128510 0.084526 0.013939
1 0.694020 0.121117 0.364902 0.028725
1 0.542296 0.143314 0.061454 0.013876
1 0.618709 0.365890 0.214281 0.013876
1 0.638129 0.484602 0.253121 0.013876
1 0.674257 0.736799 0.325376 0.013876
