0 0.286985 0.158466 0.393775 0.103068
0 0.286977 0.314223 0.393758 0.147614
0 0.286985 0.544186 0.393775 0.251477
0 0.286977 0.796383 0.393758 0.162386
0 0.708448 0.240019 0.393758 0.236629
0 0.708448 0.462595 0.393758 0.147538
0 0.708448 0.618390 0.393758 0.103068
0 0.708448 0.811231 0.393758 0.221780
1 0.187525 0.232330 0.194853 0.013876
1 0.270825 0.410436 0.361454 0.013876
1 0.212663 0.692298 0.245131 0.013939
1 0.214714 0.707102 0.249232 0.013876
1 0.621912 0.113693 0.220686 0.013876
1 0.607647 0.380739 0.192157 0.013876
1 0.607525 0.558769 0.191912 0.013876
1 0.617900 0.692330 0.212663 0.013876
