0 0.286985 0.247443 0.393775 0.251477
0 0.286985 0.462557 0.393775 0.117917
0 0.286985 0.618365 0.393775 0.162386
0 0.286985 0.781585 0.393775 0.132765
0 0.708448 0.143630 0.393758 0.073371
0 0.286977 0.892835 0.393758 0.058598
0 0.708440 0.254867 0.393742 0.058598
0 0.708456 0.395814 0.393775 0.162462
0 0.708456 0.625777 0.393775 0.206932
0 0.708456 0.848314 0.393775 0.147614
1 0.195727 0.113693 0.211258 0.013876
1 0.171217 0.395587 0.162239 0.013876
1 0.690792 0.210133 0.358448 0.028725
1 0.605727 0.306572 0.188317 0.013876
1 0.707353 0.506837 0.391569 0.028649
1 0.606152 0.751616 0.189167 0.013939
1 0.646675 0.766496 0.270212 0.013876
