0 0.286977 0.143617 0.393758 0.073371
0 0.286993 0.388441 0.393791 0.384962
0 0.286985 0.759299 0.393775 0.295947
0 0.708464 0.158428 0.393791 0.073447
0 0.708456 0.306799 0.393775 0.162462
0 0.708448 0.440322 0.393758 0.043750
0 0.708456 0.558996 0.393775 0.132765
0 0.708448 0.729640 0.393758 0.147538
0 0.708448 0.885436 0.393758 0.073371
1 0.194158 0.603314 0.208121 0.013876
1 0.575286 0.113662 0.127435 0.013939
1 0.560645 0.217557 0.098154 0.013876
1 0.568276 0.410436 0.113415 0.013876
1 0.558047 0.484602 0.092958 0.013876
1 0.563619 0.647784 0.104101 0.013876
1 0.546928 0.826187 0.070719 0.015985
1 0.582631 0.840631 0.142124 0.013939
