0 0.286961 0.128769 0.393725 0.043674
0 0.286969 0.210360 0.393742 0.028826
0 0.286977 0.336439 0.393758 0.162424
0 0.286977 0.610966 0.393758 0.266250
0 0.286977 0.863163 0.393758 0.117917
0 0.708448 0.143580 0.393758 0.043750
0 0.708448 0.232633 0.393758 0.073371
0 0.708448 0.380966 0.393758 0.132765
0 0.708456 0.536761 0.393775 0.117841
0 0.708472 0.685133 0.393807 0.117917
0 0.708456 0.848314 0.393775 0.147614
1 0.132141 0.172980 0.084085 0.013939
1 0.160278 0.187860 0.140359 0.013876
1 0.248456 0.247178 0.316716 0.013876
1 0.287010 0.447449 0.393824 0.028788
1 0.239060 0.469754 0.297925 0.013876
1 0.180000 0.766465 0.179804 0.013939
1 0.231324 0.781345 0.282451 0.013876
1 0.161242 0.796117 0.142288 0.013876
1 0.634028 0.113693 0.244918 0.013876
1 0.610335 0.187860 0.197533 0.013876
1 0.690923 0.299148 0.358709 0.028725
1 0.605261 0.469754 0.187386 0.013876
1 0.584706 0.618087 0.146275 0.013876
1 0.610172 0.766496 0.197206 0.013876
