0 0.286985 0.188125 0.393775 0.162386
0 0.286985 0.410625 0.393775 0.221780
0 0.286985 0.655473 0.393775 0.177235
0 0.286985 0.803857 0.393775 0.088220
0 0.708448 0.173289 0.393758 0.132689
0 0.286961 0.900246 0.393725 0.043750
0 0.708448 0.321648 0.393758 0.103068
0 0.708489 0.425511 0.393840 0.073371
0 0.708456 0.573845 0.393775 0.162462
0 0.708480 0.707367 0.393824 0.043750
0 0.708448 0.840928 0.393758 0.162386
1 0.165670 0.291723 0.151144 0.013876
1 0.209902 0.543889 0.239608 0.013939
1 0.245703 0.558769 0.311209 0.013876
1 0.239845 0.870360 0.299493 0.013876
1 0.563856 0.262027 0.104575 0.013876
1 0.587190 0.484602 0.151242 0.013876
1 0.585433 0.677481 0.147729 0.013876
1 0.677819 0.751648 0.332500 0.013876
