0 0.286985 0.188087 0.393775 0.132765
0 0.286985 0.306812 0.393775 0.073371
0 0.286977 0.440322 0.393758 0.132689
0 0.286969 0.566433 0.393742 0.088220
0 0.708456 0.151054 0.393775 0.088220
0 0.708456 0.277115 0.393775 0.132765
0 0.708456 0.455183 0.393775 0.192083
0 0.708448 0.596124 0.393758 0.058535
0 0.708448 0.722216 0.393758 0.132689
0 0.708448 0.855751 0.393758 0.103068
0 0.246814 0.634186 0.313431 0.011881
0 0.235310 0.920385 0.277484 0.012033
3 0.287500 0.777841 0.394804 0.258712
1 0.141806 0.114066 0.103415 0.015985
1 0.125515 0.366263 0.070833 0.015985
1 0.540907 0.648157 0.058676 0.015985
