0 0.286993 0.188125 0.393791 0.162386
0 0.286985 0.388441 0.393775 0.206932
0 0.286985 0.551585 0.393775 0.088220
0 0.286993 0.677721 0.393791 0.132765
0 0.286977 0.803857 0.393758 0.088220
0 0.708448 0.158479 0.393758 0.103068
0 0.286977 0.892835 0.393758 0.058598
0 0.708448 0.262317 0.393758 0.073447
0 0.708456 0.343952 0.393775 0.058485
0 0.708448 0.418112 0.393758 0.058523
0 0.708464 0.507184 0.393791 0.088106
0 0.708456 0.596143 0.393775 0.058523
0 0.708448 0.677734 0.393758 0.073371
0 0.708440 0.751995 0.393742 0.043636
0 0.708448 0.826105 0.393758 0.073447
0 0.708431 0.900328 0.393725 0.043662
