0 0.286985 0.121345 0.393775 0.028826
0 0.286985 0.306799 0.393775 0.310795
0 0.286961 0.499691 0.393725 0.043674
0 0.299240 0.633213 0.369265 0.192083
0 0.286985 0.781585 0.393775 0.073371
0 0.708448 0.151054 0.393758 0.088220
0 0.286985 0.878024 0.393775 0.088220
0 0.708456 0.299388 0.393775 0.177311
0 0.708456 0.499678 0.393775 0.132765
0 0.708448 0.610941 0.393758 0.058598
0 0.708456 0.685063 0.393775 0.058687
0 0.708480 0.759230 0.393824 0.058687
0 0.708448 0.826004 0.393758 0.043927
0 0.708440 0.892835 0.393742 0.058598
1 0.684469 0.418157 0.345801 0.030833
