0 0.286977 0.232595 0.393758 0.221780
0 0.286985 0.432910 0.393775 0.147538
0 0.286985 0.670284 0.393775 0.266250
0 0.708456 0.165865 0.393775 0.117841
0 0.708448 0.336458 0.393758 0.162386
0 0.708448 0.462607 0.393758 0.058598
0 0.708456 0.625789 0.393775 0.236629
0 0.708440 0.788958 0.393742 0.028902
0 0.376863 0.828352 0.573529 0.011881
0 0.121993 0.920379 0.050850 0.012045
3 0.497696 0.874886 0.815196 0.064621
1 0.139363 0.114066 0.098529 0.015985
1 0.125515 0.529444 0.070833 0.015985
1 0.540907 0.247551 0.058676 0.015985
1 0.554428 0.766869 0.085719 0.015985
