0 0.286977 0.151042 0.393758 0.088220
0 0.286977 0.269691 0.393758 0.117917
0 0.286985 0.395827 0.393775 0.103068
0 0.286993 0.566471 0.393791 0.206932
0 0.286977 0.722229 0.393758 0.073447
0 0.708464 0.292001 0.393791 0.370114
0 0.286985 0.855739 0.393775 0.132765
0 0.671536 0.514489 0.319935 0.014053
0 0.708448 0.551622 0.393758 0.028902
0 0.706234 0.588668 0.389330 0.014053
0 0.609518 0.618365 0.195899 0.014053
0 0.690351 0.648062 0.357565 0.014053
0 0.685359 0.677683 0.347582 0.014053
0 0.617002 0.707380 0.210866 0.014053
0 0.633489 0.737077 0.243840 0.014053
0 0.708423 0.788958 0.393709 0.028902
0 0.708456 0.870587 0.393775 0.073371
1 0.135539 0.781641 0.090882 0.015985
1 0.568905 0.499823 0.114673 0.015985
1 0.595899 0.766869 0.168660 0.015985
1 0.604453 0.826187 0.185768 0.015985
