0 0.287010 0.188087 0.393824 0.132765
0 0.286977 0.440322 0.393758 0.340417
0 0.286985 0.751913 0.393775 0.192083
0 0.708431 0.121357 0.393725 0.028826
0 0.286977 0.885410 0.393758 0.043750
0 0.708472 0.277140 0.393807 0.221780
0 0.708448 0.477405 0.393758 0.117917
0 0.708497 0.699981 0.393856 0.266250
0 0.708505 0.885436 0.393873 0.073371
1 0.139363 0.114066 0.098529 0.015985
1 0.179510 0.633308 0.178824 0.015985
1 0.138154 0.647753 0.096111 0.013939
1 0.574126 0.158131 0.125114 0.013939
1 0.565547 0.410404 0.107958 0.013939
1 0.581127 0.558737 0.139118 0.013939
