0 0.286985 0.195511 0.393775 0.147614
0 0.286993 0.425524 0.393791 0.281098
0 0.708423 0.121357 0.393709 0.028826
0 0.286985 0.685133 0.393775 0.117917
0 0.708480 0.284564 0.393824 0.206932
0 0.708456 0.529337 0.393775 0.162386
0 0.708440 0.685133 0.393742 0.088220
0 0.473105 0.763655 0.766013 0.011881
3 0.497696 0.849015 0.815196 0.142273
1 0.152451 0.113662 0.124706 0.013939
1 0.119493 0.588838 0.058791 0.015985
1 0.282451 0.610669 0.384706 0.028712
1 0.662549 0.158706 0.301961 0.017184
1 0.541683 0.173011 0.060229 0.013876
1 0.692002 0.417292 0.360866 0.029710
1 0.541683 0.440057 0.060229 0.013876
1 0.579175 0.632936 0.135212 0.013876
