0 0.286969 0.128769 0.393742 0.043674
0 0.286977 0.195511 0.393758 0.058523
0 0.286977 0.321648 0.393758 0.132765
0 0.286985 0.521926 0.393775 0.236629
0 0.708472 0.158479 0.393807 0.103068
0 0.286977 0.699994 0.393758 0.088220
0 0.708440 0.247456 0.393742 0.043750
0 0.708415 0.329034 0.393693 0.058598
0 0.708456 0.418100 0.393775 0.088220
0 0.708456 0.529388 0.393775 0.103068
0 0.708448 0.677708 0.393758 0.132765
0 0.292165 0.767443 0.404134 0.011881
0 0.307141 0.897039 0.421144 0.035391
3 0.498480 0.826932 0.816765 0.090530
1 0.163734 0.247146 0.147271 0.013939
1 0.540907 0.292096 0.058676 0.015985
1 0.554428 0.603611 0.085719 0.015985
