1 0.218627 0.423308 0.071765 0.015985
1 0.122753 0.115606 0.065310 0.020253
1 0.155694 0.652449 0.131193 0.013939
0 0.497770 0.508573 0.630049 0.147727
0 0.286985 0.764034 0.393775 0.206932
0 0.708480 0.726926 0.393824 0.192083
0 0.286977 0.904956 0.393758 0.043750
0 0.708456 0.882721 0.393775 0.088220
0 0.492353 0.361010 0.804510 0.023662
0 0.119453 0.638005 0.058709 0.015985
0 0.278333 0.202891 0.376471 0.011540
4 0.182451 0.512614 0.000588 0.159773
1 0.444698 0.138813 0.709199 0.023763
0 0.177026 0.161559 0.173856 0.021679
