0 0.286977 0.195549 0.393758 0.177235
0 0.286985 0.388403 0.393775 0.177311
0 0.286977 0.566433 0.393758 0.147614
0 0.286985 0.751926 0.393775 0.192083
0 0.708423 0.121357 0.393709 0.028826
0 0.286969 0.900246 0.393742 0.043750
0 0.708456 0.284527 0.393775 0.266250
0 0.708456 0.499691 0.393775 0.132765
0 0.708440 0.640625 0.393742 0.058598
0 0.708448 0.751888 0.393758 0.132765
0 0.708440 0.878024 0.393742 0.088220
1 0.135948 0.870328 0.091699 0.013939
1 0.540907 0.588838 0.058676 0.015985
1 0.570368 0.603283 0.117598 0.013939
