0 0.286977 0.329072 0.393758 0.117917
0 0.286985 0.462569 0.393775 0.117917
0 0.286985 0.619470 0.393775 0.105227
0 0.708423 0.293081 0.393709 0.045909
0 0.286977 0.737064 0.393758 0.073447
0 0.708448 0.440322 0.393758 0.221780
0 0.708480 0.670335 0.393824 0.206932
0 0.404085 0.112973 0.627974 0.011881
0 0.394616 0.790777 0.609036 0.011881
0 0.136503 0.255530 0.079869 0.012045
3 0.497696 0.184811 0.815196 0.115076
3 0.497696 0.862576 0.815196 0.115152
1 0.278268 0.551313 0.376340 0.028788
1 0.133039 0.692626 0.085882 0.015985
