0 0.497737 0.491332 0.629984 0.044053
0 0.497688 0.534754 0.629886 0.029179
0 0.497761 0.585537 0.630033 0.058801
0 0.497729 0.658655 0.629967 0.073649
0 0.497737 0.724337 0.629984 0.043952
0 0.497753 0.775120 0.630016 0.044053
0 0.286977 0.889640 0.393758 0.058598
0 0.708456 0.882229 0.393775 0.073447
0 0.492353 0.395707 0.804510 0.023662
0 0.483137 0.231585 0.786078 0.023523
0 0.305408 0.184261 0.430621 0.021755
1 0.466626 0.150177 0.753056 0.046490
1 0.218627 0.458081 0.071765 0.015985
1 0.139363 0.852702 0.098529 0.015985
