0 0.286977 0.262292 0.393758 0.043750
0 0.286969 0.373542 0.393742 0.117917
0 0.286993 0.492266 0.393791 0.088220
0 0.708440 0.262304 0.393742 0.043750
0 0.286977 0.648062 0.393758 0.192083
0 0.708456 0.403239 0.393775 0.177311
0 0.708448 0.544198 0.393758 0.073447
0 0.708440 0.625789 0.393742 0.058598
0 0.708431 0.692532 0.393725 0.043750
0 0.279828 0.112973 0.379461 0.011881
0 0.479011 0.763655 0.777827 0.011881
3 0.497696 0.171250 0.815196 0.087955
3 0.497696 0.849015 0.815196 0.142273
1 0.117451 0.306540 0.054706 0.013939
1 0.540907 0.306944 0.058676 0.015985
