0 0.286985 0.581269 0.393775 0.147614
0 0.708456 0.225221 0.393775 0.236553
0 0.286985 0.803807 0.393775 0.236629
0 0.708448 0.432936 0.393758 0.117917
0 0.708456 0.603504 0.393775 0.162412
0 0.708456 0.766723 0.393775 0.103068
0 0.708456 0.892822 0.393775 0.058598
0 0.287328 0.365524 0.394461 0.204457
4 0.287541 0.182298 0.394951 0.146035
1 0.225384 0.677449 0.270572 0.013939
1 0.629730 0.365859 0.236324 0.013939
1 0.578448 0.514192 0.133758 0.013939
1 0.543791 0.707071 0.064444 0.013939
1 0.708799 0.848056 0.394461 0.028788
