0 0.286977 0.151042 0.393758 0.088220
0 0.286993 0.366130 0.393791 0.310795
0 0.286977 0.692557 0.393758 0.281098
0 0.235931 0.870549 0.291667 0.014053
0 0.286977 0.907683 0.393758 0.028902
0 0.593873 0.113971 0.164608 0.014053
0 0.708448 0.151016 0.393758 0.028902
0 0.639224 0.188138 0.255310 0.014053
0 0.658252 0.217759 0.293366 0.014053
0 0.575057 0.247456 0.126977 0.014053
0 0.596225 0.277153 0.169314 0.014053
0 0.588881 0.306774 0.154624 0.014053
0 0.664632 0.336471 0.306127 0.014053
0 0.667067 0.366168 0.310997 0.014053
0 0.666185 0.395865 0.309232 0.014053
0 0.669918 0.425486 0.316699 0.014053
0 0.608578 0.455183 0.194020 0.014053
0 0.608431 0.484880 0.193725 0.014053
0 0.587263 0.514501 0.151389 0.014053
0 0.679183 0.544198 0.335229 0.014053
0 0.601127 0.573895 0.179118 0.014053
0 0.619412 0.603321 0.215686 0.014419
0 0.708423 0.655473 0.393709 0.028902
0 0.708431 0.714754 0.393725 0.028977
0 0.708480 0.759299 0.393824 0.028977
0 0.708423 0.803769 0.393709 0.028977
0 0.708480 0.848327 0.393824 0.028977
0 0.708423 0.885410 0.393709 0.014053
1 0.135539 0.544293 0.090882 0.015985
1 0.147525 0.855884 0.114853 0.015985
1 0.595899 0.633308 0.168660 0.015985
1 0.604453 0.692626 0.185768 0.015985
1 0.592484 0.915202 0.161830 0.015985
