0 0.286977 0.128769 0.393758 0.043674
0 0.286985 0.240019 0.393775 0.147538
0 0.286985 0.380966 0.393775 0.103068
0 0.286977 0.507115 0.393758 0.117917
0 0.286977 0.677721 0.393758 0.192159
0 0.708440 0.121345 0.393742 0.028826
0 0.286977 0.855751 0.393758 0.132765
0 0.708456 0.226288 0.393775 0.149773
0 0.708497 0.432898 0.393856 0.236629
0 0.708448 0.618403 0.393758 0.103068
0 0.708489 0.743958 0.393840 0.089205
0 0.708423 0.833504 0.393709 0.028902
0 0.708448 0.900208 0.393758 0.043851
1 0.556961 0.692626 0.090784 0.015985
1 0.595899 0.811338 0.168660 0.015985
1 0.604453 0.870732 0.185768 0.015985
