0 0.497778 0.493725 0.630065 0.118030
0 0.286985 0.764009 0.393775 0.236553
0 0.201626 0.904956 0.223056 0.014053
0 0.609673 0.608213 0.196209 0.014053
0 0.645441 0.637910 0.267745 0.014053
0 0.616577 0.667607 0.210016 0.014053
0 0.596225 0.697229 0.169314 0.014053
0 0.708456 0.815941 0.393775 0.192083
0 0.492353 0.361010 0.804510 0.023662
0 0.351283 0.202891 0.522369 0.011540
0 0.170645 0.161559 0.161095 0.021679
1 0.489077 0.138788 0.797958 0.023813
1 0.218627 0.423308 0.071765 0.015985
1 0.178243 0.608308 0.176291 0.015985
