0 0.286977 0.165852 0.393758 0.117841
0 0.286969 0.269729 0.393742 0.058598
0 0.286977 0.432898 0.393758 0.177235
0 0.286985 0.633201 0.393775 0.162386
0 0.286977 0.774148 0.393758 0.058523
0 0.708456 0.269729 0.393775 0.325568
0 0.286977 0.870600 0.393758 0.103068
0 0.708448 0.514527 0.393758 0.103068
0 0.708456 0.603516 0.393775 0.043750
0 0.708440 0.707405 0.393742 0.103068
0 0.708448 0.833479 0.393758 0.117917
1 0.125515 0.321717 0.070833 0.015985
1 0.117761 0.336162 0.055327 0.013939
1 0.104837 0.543889 0.029477 0.013939
1 0.150989 0.736768 0.121781 0.013939
1 0.583235 0.454874 0.143333 0.013939
1 0.540907 0.648157 0.058676 0.015985
