0 0.286961 0.425524 0.393725 0.103068
0 0.286977 0.558996 0.393758 0.073371
0 0.175147 0.618346 0.170098 0.014091
0 0.286977 0.692481 0.393758 0.103245
0 0.286912 0.774135 0.393627 0.028876
0 0.244461 0.811679 0.308725 0.017626
0 0.163145 0.840941 0.146095 0.014053
0 0.242549 0.870997 0.304902 0.017626
0 0.708440 0.128308 0.393742 0.044621
0 0.286920 0.908207 0.393644 0.032298
0 0.708431 0.181073 0.393725 0.032475
0 0.708497 0.247323 0.393856 0.073712
0 0.708456 0.328958 0.393775 0.058775
0 0.574706 0.380979 0.126275 0.014104
0 0.603292 0.410625 0.183448 0.014053
0 0.662157 0.440770 0.301176 0.017626
0 0.605196 0.469823 0.187255 0.014444
0 0.662696 0.499432 0.302255 0.014495
0 0.708480 0.544066 0.393824 0.044015
0 0.708489 0.618226 0.393840 0.073699
0 0.708431 0.699956 0.393725 0.058598
0 0.630147 0.752449 0.237157 0.017323
0 0.708480 0.840777 0.393824 0.133018
0 0.287541 0.119426 0.394886 0.023977
3 0.287500 0.250170 0.394804 0.220795
1 0.287500 0.506806 0.394804 0.028712
