0 0.286912 0.450581 0.393627 0.029596
0 0.286977 0.569602 0.393758 0.117917
0 0.286977 0.732784 0.393758 0.117917
0 0.708423 0.458327 0.393709 0.043674
0 0.286977 0.881155 0.393758 0.088295
0 0.708456 0.636345 0.393775 0.251402
0 0.708448 0.866345 0.393758 0.117917
0 0.336552 0.112948 0.492908 0.011907
0 0.493856 0.391686 0.794575 0.023826
3 0.497696 0.250000 0.815196 0.245455
1 0.278725 0.495101 0.377255 0.028788
1 0.247794 0.658314 0.315392 0.028876
1 0.249559 0.821540 0.318922 0.028788
1 0.611618 0.502525 0.200098 0.013939
1 0.554428 0.784823 0.085719 0.015985
1 0.708333 0.799268 0.393529 0.013939
