0 0.207130 0.451513 0.262710 0.511762
0 0.499992 0.235473 0.262609 0.080447
0 0.207079 0.789579 0.262609 0.161967
0 0.500000 0.378436 0.262626 0.202874
0 0.792896 0.256833 0.262593 0.123167
0 0.500025 0.724642 0.262677 0.406986
0 0.792971 0.450875 0.262710 0.261596
0 0.791675 0.901833 0.260118 0.050587
0 0.792652 0.708084 0.262071 0.040153
0 0.788914 0.667931 0.254596 0.019234
0 0.792904 0.638250 0.262576 0.019234
0 0.784352 0.846845 0.245471 0.040230
0 0.138215 0.172465 0.124882 0.011571
1 0.462551 0.124093 0.773552 0.069617
1 0.462247 0.505421 0.187121 0.013218
