0 0.280328 0.124464 0.409108 0.096309
0 0.280320 0.228729 0.409091 0.110204
0 0.280311 0.339866 0.409074 0.110204
0 0.280320 0.489777 0.409091 0.137944
0 0.280320 0.625824 0.409091 0.082478
0 0.280295 0.768793 0.409040 0.151762
0 0.280311 0.879968 0.409074 0.068570
0 0.719731 0.206245 0.409057 0.290575
0 0.287862 0.921743 0.393805 0.013116
0 0.719722 0.510964 0.409040 0.179579
0 0.719731 0.688646 0.409057 0.124112
0 0.719722 0.852382 0.409040 0.151839
1 0.114343 0.068525 0.077138 0.013218
1 0.121961 0.413033 0.092374 0.013218
1 0.133047 0.576801 0.114545 0.013218
1 0.148670 0.685051 0.145791 0.013218
1 0.551532 0.377401 0.072660 0.014470
1 0.693561 0.405568 0.356717 0.029144
1 0.578131 0.618806 0.125859 0.013218
1 0.604520 0.768678 0.178636 0.013218
