0 0.280362 0.465160 0.409175 0.341098
0 0.280303 0.689866 0.409057 0.055900
0 0.280295 0.765358 0.409040 0.042516
0 0.280311 0.843301 0.412104 0.112963
0 0.719764 0.249425 0.409125 0.377522
0 0.280303 0.914604 0.409057 0.027369
0 0.719731 0.557644 0.409057 0.237203
0 0.720488 0.781711 0.410572 0.209195
0 0.719722 0.907733 0.409040 0.041137
0 0.273342 0.079885 0.364764 0.013078
3 0.287912 0.183321 0.393906 0.153665
1 0.126532 0.286609 0.101515 0.013218
1 0.115539 0.653914 0.079529 0.013218
1 0.114343 0.736098 0.077138 0.013218
