0 0.280303 0.088167 0.409057 0.056079
0 0.280320 0.158844 0.409091 0.083410
0 0.280320 0.320530 0.409091 0.238072
0 0.280303 0.531405 0.409057 0.181814
0 0.719689 0.308072 0.408973 0.041277
0 0.280320 0.788186 0.409091 0.280204
0 0.719722 0.410536 0.409040 0.111801
0 0.719731 0.696207 0.409057 0.407867
0 0.719714 0.914725 0.409024 0.027152
0 0.672870 0.246603 0.315337 0.010064
4 0.718594 0.149138 0.406785 0.164866
1 0.121961 0.640300 0.092374 0.013218
1 0.618274 0.346775 0.206145 0.013218
1 0.585732 0.484489 0.141061 0.013218
