0 0.280311 0.095824 0.409074 0.069732
0 0.280311 0.205817 0.409074 0.098123
0 0.280311 0.393768 0.409074 0.225696
0 0.719731 0.102957 0.409057 0.083997
0 0.280328 0.730460 0.409108 0.395709
0 0.719722 0.200057 0.409040 0.055619
0 0.719722 0.283052 0.409040 0.055658
0 0.719722 0.366009 0.409040 0.055619
0 0.719722 0.456079 0.409040 0.069808
0 0.719747 0.709017 0.409091 0.381967
0 0.719722 0.914687 0.409040 0.027229
1 0.115539 0.148895 0.079529 0.013218
1 0.176616 0.273072 0.201684 0.013218
1 0.154116 0.524745 0.156684 0.013218
1 0.561338 0.164323 0.092273 0.013218
1 0.659529 0.247299 0.288653 0.013218
1 0.668645 0.330275 0.306886 0.013218
1 0.638215 0.413250 0.246027 0.013218
1 0.588098 0.510415 0.145791 0.013218
