0 0.286977 0.321648 0.393758 0.103068
0 0.286985 0.484880 0.393775 0.192083
0 0.286977 0.655448 0.393758 0.117917
0 0.286977 0.811231 0.393758 0.132689
0 0.708448 0.306812 0.393758 0.073371
0 0.286977 0.907683 0.393758 0.028902
0 0.708456 0.455183 0.393775 0.192083
0 0.708456 0.625789 0.393775 0.117841
0 0.708423 0.729640 0.393709 0.028902
0 0.671087 0.781534 0.319036 0.014053
0 0.708456 0.878011 0.393775 0.088220
0 0.380172 0.112973 0.580147 0.011881
0 0.497680 0.229659 0.802222 0.035455
3 0.497696 0.166023 0.815196 0.077500
1 0.135539 0.737172 0.090882 0.015985
1 0.595899 0.707475 0.168660 0.015985
1 0.604453 0.766869 0.185768 0.015985
1 0.696675 0.818763 0.370212 0.030833
