0 0.207079 0.174080 0.262609 0.119400
0 0.207104 0.434936 0.262660 0.400319
0 0.207079 0.800920 0.262609 0.199693
0 0.500000 0.229783 0.262626 0.337395
0 0.207054 0.915057 0.262559 0.026156
0 0.500059 0.595945 0.262710 0.392120
0 0.792963 0.121181 0.262694 0.120192
0 0.500000 0.860715 0.262626 0.134840
0 0.792963 0.458148 0.262694 0.443831
0 0.792997 0.908793 0.262761 0.036641
4 0.792593 0.798123 0.261987 0.163602
1 0.200589 0.083799 0.249630 0.043768
1 0.191145 0.670492 0.230741 0.043768
1 0.760497 0.213001 0.197761 0.028633
