0 0.286985 0.180701 0.393775 0.147538
0 0.286985 0.395814 0.393775 0.221705
0 0.286985 0.648049 0.393775 0.221780
0 0.708448 0.121357 0.393758 0.028826
0 0.286985 0.840903 0.393775 0.132765
0 0.708456 0.314223 0.393775 0.295947
0 0.708464 0.566420 0.393791 0.147614
0 0.708456 0.759299 0.393775 0.177336
0 0.708448 0.892822 0.393758 0.028902
1 0.195907 0.277247 0.211618 0.015985
1 0.166275 0.529444 0.152353 0.015985
1 0.570564 0.158535 0.117990 0.015985
1 0.598938 0.484975 0.174739 0.015985
1 0.601544 0.663005 0.179951 0.015985
1 0.595899 0.870732 0.168660 0.015985
