0 0.501658 0.324907 0.644657 0.047010
0 0.501650 0.388958 0.644641 0.079578
0 0.501650 0.513294 0.644641 0.079144
0 0.501650 0.643877 0.644641 0.031328
0 0.501650 0.684249 0.644641 0.047010
0 0.498276 0.153071 0.383938 0.013586
0 0.501650 0.744684 0.390686 0.028424
0 0.504191 0.245074 0.383971 0.023176
0 0.504616 0.871290 0.384820 0.023176
3 0.501650 0.197506 0.390686 0.065409
3 0.501650 0.810124 0.390686 0.092581
1 0.234542 0.283976 0.110425 0.015149
1 0.217132 0.456297 0.075605 0.015149
1 0.331683 0.579051 0.304706 0.015149
1 0.208178 0.611185 0.057696 0.015149
