0 0.501650 0.314696 0.644641 0.047010
0 0.501650 0.425949 0.644641 0.095223
0 0.501650 0.498127 0.644641 0.047270
0 0.501650 0.546458 0.644641 0.047010
0 0.501650 0.645347 0.644641 0.063077
0 0.501650 0.773883 0.644641 0.063077
0 0.501658 0.830130 0.644657 0.047010
0 0.501650 0.870298 0.644641 0.030943
0 0.501642 0.160465 0.293023 0.028474
0 0.475261 0.267333 0.228431 0.010819
3 0.501642 0.219150 0.293023 0.078995
1 0.234542 0.360924 0.110425 0.015149
1 0.217132 0.596383 0.075605 0.015149
1 0.341087 0.717512 0.323513 0.015149
