0 0.280387 0.588289 0.409226 0.113538
0 0.281061 0.785536 0.410572 0.228263
0 0.719722 0.538321 0.409040 0.111507
0 0.280278 0.914566 0.409007 0.027446
0 0.720488 0.692995 0.410572 0.195977
0 0.719722 0.851481 0.409040 0.069374
0 0.719722 0.907701 0.409040 0.041201
0 0.162643 0.391928 0.173737 0.010064
0 0.280278 0.426169 0.409007 0.043831
0 0.719722 0.382363 0.409040 0.022810
0 0.719722 0.422950 0.409040 0.043755
4 0.279015 0.221794 0.406481 0.310179
4 0.718443 0.213831 0.406481 0.294253
1 0.112104 0.503020 0.072660 0.014470
1 0.138165 0.523442 0.124781 0.013218
1 0.214924 0.663327 0.278300 0.013218
1 0.660892 0.809010 0.291380 0.013218
