0 0.280320 0.167976 0.409091 0.214036
0 0.280311 0.311481 0.409074 0.070524
0 0.280303 0.416826 0.409057 0.084866
0 0.280303 0.529355 0.409057 0.084866
0 0.280311 0.763895 0.409074 0.328787
0 0.719705 0.104291 0.409007 0.055683
0 0.719714 0.179061 0.409024 0.041571
0 0.719722 0.282197 0.409040 0.112593
0 0.719722 0.413748 0.409040 0.098404
0 0.719739 0.658953 0.409074 0.339872
0 0.719722 0.879138 0.409040 0.098327
1 0.115539 0.366328 0.079529 0.013218
1 0.114343 0.478844 0.077138 0.013218
1 0.121961 0.591360 0.092374 0.013218
1 0.663628 0.068525 0.296852 0.013218
1 0.672795 0.150338 0.315185 0.013218
1 0.642340 0.217963 0.254276 0.013218
1 0.613005 0.356622 0.195606 0.013218
1 0.616002 0.481092 0.201599 0.013218
