0 0.286969 0.366155 0.393742 0.073447
0 0.286961 0.440335 0.393725 0.043750
0 0.286985 0.529337 0.393775 0.073447
0 0.286969 0.670284 0.393742 0.147614
0 0.708497 0.366155 0.393856 0.073447
0 0.286969 0.848314 0.393742 0.147614
0 0.708480 0.528990 0.393824 0.222500
0 0.708456 0.759299 0.393775 0.177311
0 0.708448 0.892835 0.393758 0.058598
0 0.222958 0.112973 0.265719 0.011881
3 0.497696 0.221098 0.815196 0.187652
1 0.247320 0.484571 0.314444 0.013939
1 0.273129 0.588434 0.366062 0.013939
1 0.154714 0.766465 0.129232 0.013939
1 0.614820 0.662601 0.206503 0.013939
