0 0.286977 0.180701 0.393758 0.147538
0 0.286977 0.329085 0.393758 0.117917
0 0.286977 0.440322 0.393758 0.043750
0 0.286977 0.640625 0.393758 0.266326
0 0.708431 0.128782 0.393725 0.043674
0 0.286985 0.863163 0.393775 0.117917
0 0.708464 0.284564 0.393791 0.206932
0 0.708456 0.544186 0.393775 0.251477
0 0.708456 0.811231 0.393775 0.221780
1 0.147124 0.410436 0.114052 0.013876
1 0.257377 0.491995 0.334559 0.028788
1 0.136732 0.796117 0.093268 0.013876
1 0.562525 0.173011 0.101912 0.013876
1 0.547606 0.410436 0.072075 0.013876
1 0.557410 0.692298 0.091683 0.013939
