0 0.280354 0.188538 0.409158 0.182899
0 0.280320 0.326686 0.409091 0.041418
0 0.280320 0.387037 0.409091 0.027305
0 0.279571 0.539349 0.410623 0.225338
0 0.280337 0.748231 0.409125 0.140473
0 0.280286 0.872216 0.409024 0.055543
0 0.719722 0.074010 0.409040 0.028225
0 0.280286 0.914687 0.409024 0.027229
0 0.719731 0.197618 0.409057 0.167471
0 0.719722 0.348838 0.409040 0.083269
0 0.719764 0.500019 0.409125 0.167548
0 0.719714 0.619336 0.409024 0.069221
0 0.719722 0.714406 0.409040 0.069221
0 0.719722 0.851577 0.409040 0.153550
1 0.118224 0.069023 0.084899 0.014470
1 0.120766 0.089227 0.089983 0.013218
1 0.126532 0.298116 0.101515 0.013218
1 0.146557 0.365536 0.141566 0.013218
1 0.143939 0.418819 0.136330 0.013218
1 0.145109 0.670134 0.138670 0.013218
1 0.115539 0.836596 0.079529 0.013218
1 0.553771 0.106098 0.077138 0.013218
1 0.561338 0.299419 0.092273 0.013218
1 0.572744 0.408461 0.115084 0.013218
1 0.621086 0.672024 0.211768 0.013218
1 0.588098 0.767018 0.145791 0.013218
