0 0.280295 0.102593 0.409040 0.083269
0 0.280295 0.204649 0.409040 0.069298
0 0.280320 0.334802 0.409091 0.139464
0 0.280320 0.542126 0.409091 0.223665
0 0.280320 0.763531 0.409091 0.167471
0 0.280311 0.900715 0.409074 0.055172
0 0.719722 0.104227 0.409040 0.055683
0 0.706406 0.164681 0.382407 0.013116
0 0.719731 0.260109 0.409057 0.127522
0 0.719722 0.427190 0.409040 0.098186
0 0.719705 0.498040 0.409007 0.041494
0 0.719697 0.565587 0.408990 0.041494
0 0.719722 0.626041 0.409040 0.027305
0 0.719722 0.686469 0.409040 0.041418
0 0.719722 0.807816 0.409040 0.155964
0 0.719722 0.907120 0.409040 0.042363
1 0.115539 0.162216 0.079529 0.013218
1 0.114343 0.257286 0.077138 0.013218
1 0.121961 0.422510 0.092374 0.013218
1 0.224487 0.672024 0.297424 0.013218
1 0.203190 0.865345 0.254832 0.013218
1 0.673039 0.068525 0.315673 0.013218
1 0.546987 0.150198 0.063569 0.013218
1 0.588098 0.189368 0.145791 0.013218
1 0.551532 0.349879 0.072660 0.014470
1 0.577593 0.370160 0.124781 0.013218
1 0.561835 0.536916 0.093266 0.013218
1 0.567399 0.604464 0.104394 0.013218
1 0.587854 0.657822 0.145303 0.013218
1 0.614495 0.725307 0.198586 0.013218
