0 0.286985 0.195511 0.393775 0.147614
0 0.286985 0.373592 0.393775 0.177235
0 0.286985 0.648011 0.393775 0.310795
0 0.708448 0.158479 0.393758 0.103068
0 0.286977 0.878011 0.393758 0.088220
0 0.708456 0.366130 0.393775 0.281098
0 0.708480 0.677708 0.393824 0.281098
0 0.708448 0.892822 0.393758 0.058598
1 0.204665 0.113662 0.229134 0.013939
1 0.167198 0.484571 0.154199 0.013939
1 0.215874 0.825783 0.251552 0.013939
1 0.614330 0.529040 0.205523 0.013939
1 0.540907 0.841035 0.058676 0.015985
1 0.550866 0.855480 0.078595 0.013939
