0 0.286969 0.136193 0.393742 0.058523
0 0.286977 0.269716 0.393758 0.147538
0 0.286977 0.455170 0.393758 0.162386
0 0.286977 0.625777 0.393758 0.088295
0 0.708480 0.165865 0.393824 0.117841
0 0.286985 0.803819 0.393775 0.236629
0 0.708464 0.395814 0.393791 0.281098
0 0.708472 0.633201 0.393807 0.132689
0 0.708448 0.796383 0.393758 0.162412
0 0.708448 0.907683 0.393758 0.028902
1 0.168170 0.187828 0.156144 0.013939
1 0.179003 0.365859 0.177810 0.013939
1 0.222435 0.558737 0.264673 0.013939
1 0.139984 0.573617 0.099771 0.013876
1 0.561487 0.247178 0.099837 0.013876
1 0.554428 0.559141 0.085719 0.015985
