0 0.286961 0.136187 0.393725 0.058535
0 0.286977 0.232645 0.393758 0.103068
0 0.286969 0.336471 0.393742 0.073447
0 0.286977 0.440372 0.393758 0.103068
0 0.286977 0.551585 0.393758 0.088220
0 0.255196 0.618352 0.330196 0.014078
0 0.286961 0.655429 0.393725 0.028990
0 0.286977 0.781572 0.393758 0.132765
0 0.286920 0.877967 0.393644 0.028914
0 0.708448 0.225170 0.393758 0.206957
0 0.708489 0.418100 0.393840 0.147614
0 0.708489 0.581282 0.393840 0.147614
0 0.708489 0.714792 0.393840 0.058598
0 0.708489 0.842039 0.393840 0.164634
1 0.267083 0.699684 0.353971 0.028712
1 0.602345 0.113693 0.181552 0.013876
1 0.608440 0.677481 0.193742 0.013876
