0 0.286977 0.158958 0.393758 0.106402
0 0.286961 0.262298 0.393725 0.073460
0 0.250792 0.321622 0.321389 0.014053
0 0.286961 0.358668 0.393725 0.029028
0 0.286977 0.425505 0.393758 0.073409
0 0.286977 0.514489 0.393758 0.043750
0 0.708497 0.121269 0.393856 0.029003
0 0.286977 0.744489 0.393758 0.355265
0 0.708480 0.247443 0.393824 0.192083
0 0.708448 0.455183 0.393758 0.192083
0 0.708448 0.722229 0.393758 0.310720
0 0.708440 0.907683 0.393742 0.028902
1 0.149779 0.484975 0.119363 0.015985
1 0.240417 0.558737 0.300637 0.013939
