0 0.286985 0.210360 0.393775 0.206856
0 0.286977 0.395814 0.393758 0.103068
0 0.286969 0.492266 0.393742 0.058523
0 0.286985 0.618365 0.393775 0.162386
0 0.708431 0.121357 0.393725 0.028826
0 0.286985 0.751888 0.393775 0.073371
0 0.708448 0.202948 0.393758 0.103068
0 0.708480 0.329085 0.393824 0.117917
0 0.708431 0.432910 0.393725 0.058598
0 0.708448 0.544198 0.393758 0.132689
0 0.708448 0.662872 0.393758 0.073371
0 0.708448 0.751900 0.393758 0.073371
0 0.207721 0.815398 0.235245 0.011881
3 0.497696 0.874886 0.815196 0.090530
1 0.119493 0.336566 0.058791 0.015985
