0 0.286985 0.173277 0.393775 0.132689
0 0.286969 0.314236 0.393742 0.117917
0 0.286985 0.529388 0.393775 0.281098
0 0.286977 0.751888 0.393758 0.132765
0 0.708440 0.136206 0.393742 0.058523
0 0.286985 0.878024 0.393775 0.088220
0 0.708489 0.247456 0.393840 0.132689
0 0.708448 0.366181 0.393758 0.073447
0 0.708456 0.521913 0.393775 0.177235
0 0.708423 0.655473 0.393709 0.028902
0 0.708440 0.751875 0.393742 0.103068
0 0.689779 0.826092 0.356422 0.014053
0 0.707067 0.876351 0.390997 0.024949
1 0.556961 0.425581 0.090784 0.015985
1 0.595899 0.633308 0.168660 0.015985
1 0.604453 0.692626 0.185768 0.015985
1 0.592484 0.855884 0.161830 0.015985
