0 0.286985 0.521951 0.393775 0.117917
0 0.286977 0.670297 0.393758 0.147614
0 0.286953 0.811231 0.393709 0.073447
0 0.708431 0.484842 0.393725 0.043674
0 0.286969 0.892746 0.393742 0.058775
0 0.708472 0.581269 0.393807 0.088220
0 0.708480 0.685145 0.393824 0.088220
0 0.708456 0.803857 0.393775 0.117917
0 0.708431 0.900259 0.393725 0.043750
0 0.497794 0.142973 0.815392 0.071881
0 0.497900 0.434205 0.802663 0.035455
3 0.497696 0.298258 0.815196 0.222121
1 0.141544 0.766496 0.102892 0.013876
1 0.554428 0.529444 0.085719 0.015985
