0 0.286977 0.499678 0.393758 0.132765
0 0.286977 0.640600 0.393758 0.117917
0 0.286985 0.774160 0.393775 0.117917
0 0.708423 0.121357 0.393709 0.028826
0 0.286985 0.885448 0.393775 0.073371
0 0.708440 0.202948 0.393742 0.103068
0 0.708440 0.314236 0.393742 0.088220
0 0.708456 0.425511 0.393775 0.073371
0 0.708440 0.507115 0.393742 0.058523
0 0.708440 0.596130 0.393742 0.088220
0 0.708456 0.699994 0.393775 0.088220
0 0.708456 0.840941 0.393775 0.162386
0 0.256993 0.112973 0.333791 0.011881
0 0.138276 0.397879 0.083415 0.012045
3 0.287500 0.255985 0.394804 0.257424
1 0.139363 0.425581 0.098529 0.015985
1 0.594673 0.381111 0.166209 0.015985
