0 0.286977 0.128769 0.393758 0.043674
0 0.286985 0.254867 0.393775 0.177235
0 0.286985 0.455183 0.393775 0.192083
0 0.286977 0.603554 0.393758 0.073371
0 0.286961 0.692569 0.393725 0.073371
0 0.286985 0.781572 0.393775 0.043674
0 0.286969 0.863163 0.393742 0.058523
0 0.708440 0.143630 0.393742 0.073371
0 0.708497 0.299426 0.393856 0.206932
0 0.708448 0.484830 0.393758 0.073371
0 0.708440 0.588693 0.393742 0.073371
0 0.708448 0.685145 0.393758 0.088220
0 0.708448 0.818655 0.393758 0.117841
0 0.708448 0.907683 0.393758 0.028902
1 0.142606 0.751616 0.105016 0.013939
1 0.135948 0.825783 0.091699 0.013939
1 0.540907 0.425581 0.058676 0.015985
1 0.578350 0.440025 0.133562 0.013939
1 0.612574 0.543889 0.202010 0.013939
1 0.660564 0.751616 0.297990 0.013939
