0 0.286985 0.588693 0.393775 0.132765
0 0.286977 0.729615 0.393758 0.117917
0 0.708456 0.188138 0.393775 0.162386
0 0.286985 0.863176 0.393775 0.117917
0 0.708456 0.329085 0.393775 0.088220
0 0.708456 0.507064 0.393775 0.206932
0 0.708423 0.655473 0.393709 0.028902
0 0.708456 0.744451 0.393775 0.088220
0 0.708529 0.851698 0.393922 0.064735
0 0.267908 0.112973 0.355621 0.011881
3 0.287500 0.303182 0.394804 0.351818
1 0.275613 0.514596 0.371029 0.015985
1 0.605384 0.395960 0.187631 0.015985
1 0.595899 0.633308 0.168660 0.015985
1 0.604453 0.692626 0.185768 0.015985
1 0.592484 0.811338 0.161830 0.015985
