0 0.286985 0.381004 0.393775 0.043750
0 0.286977 0.529337 0.393758 0.192083
0 0.286985 0.759337 0.393775 0.206932
0 0.708456 0.447746 0.393775 0.177235
0 0.286961 0.907670 0.393725 0.028902
0 0.708456 0.625789 0.393775 0.147538
0 0.708489 0.788984 0.393840 0.147664
0 0.708431 0.907670 0.393725 0.028927
0 0.246797 0.112973 0.313399 0.011881
3 0.497696 0.231856 0.815196 0.209167
1 0.167443 0.425177 0.154690 0.013939
1 0.144959 0.647753 0.109722 0.013939
1 0.218734 0.885101 0.257271 0.013939
1 0.629542 0.885101 0.235948 0.013939
