0 0.286977 0.188125 0.393758 0.162386
0 0.286977 0.388390 0.393758 0.177311
0 0.286977 0.685133 0.393758 0.325644
0 0.708456 0.165852 0.393775 0.117841
0 0.286977 0.907670 0.393758 0.028902
0 0.708448 0.336496 0.393758 0.132765
0 0.708480 0.469981 0.393824 0.073371
0 0.708456 0.648049 0.393775 0.221780
0 0.708440 0.856856 0.393742 0.135000
1 0.135539 0.292096 0.090882 0.015985
1 0.125515 0.499823 0.070833 0.015985
1 0.175825 0.514192 0.171454 0.013939
1 0.237810 0.885101 0.295425 0.013939
1 0.689150 0.254571 0.355163 0.028788
1 0.602516 0.425177 0.181895 0.013939
1 0.650098 0.529040 0.277059 0.013939
1 0.654673 0.781313 0.286209 0.013939
