0 0.286961 0.121345 0.393725 0.028826
0 0.286969 0.210360 0.393742 0.117917
0 0.286977 0.336509 0.393758 0.103068
0 0.286977 0.484842 0.393758 0.162462
0 0.286961 0.625789 0.393725 0.088295
0 0.708456 0.217797 0.393775 0.221705
0 0.286977 0.744451 0.393758 0.088220
0 0.708440 0.440335 0.393742 0.192083
0 0.708456 0.588706 0.393775 0.073371
0 0.708448 0.670297 0.393758 0.058523
0 0.708423 0.737077 0.393709 0.043750
0 0.378096 0.817595 0.575997 0.011881
3 0.497696 0.876023 0.815196 0.088258
1 0.119493 0.692626 0.058791 0.015985
