0 0.286928 0.121256 0.393660 0.029003
0 0.286961 0.165852 0.393725 0.028902
0 0.286985 0.299375 0.393775 0.177311
0 0.286993 0.588693 0.393791 0.340492
0 0.286977 0.833466 0.393758 0.088220
0 0.708456 0.188087 0.393775 0.132765
0 0.708448 0.329072 0.393758 0.088220
0 0.708448 0.492254 0.393758 0.177311
0 0.708456 0.655436 0.393775 0.088220
0 0.708448 0.796420 0.393758 0.103068
0 0.708472 0.900227 0.393807 0.043788
1 0.138178 0.202677 0.096160 0.013939
1 0.179142 0.410404 0.178088 0.013939
1 0.119289 0.781313 0.058382 0.013939
1 0.604730 0.113662 0.186324 0.013939
1 0.573358 0.276843 0.123578 0.013939
1 0.696462 0.395556 0.369788 0.013939
1 0.646299 0.603283 0.269461 0.013939
1 0.666087 0.721919 0.309036 0.013939
1 0.565596 0.736799 0.108056 0.013876
1 0.638235 0.870360 0.253333 0.013876
