0 0.497753 0.464021 0.630016 0.058826
0 0.497737 0.551907 0.629984 0.103359
0 0.497786 0.654665 0.630082 0.088598
0 0.497132 0.712917 0.628775 0.014343
0 0.286977 0.805208 0.393758 0.043674
0 0.708456 0.834880 0.393775 0.132689
0 0.286985 0.894223 0.393775 0.073371
0 0.492353 0.361010 0.804510 0.023662
0 0.420792 0.202891 0.661389 0.011540
0 0.179510 0.161559 0.178824 0.021679
1 0.466748 0.138813 0.753301 0.023763
1 0.218627 0.423308 0.071765 0.015985
1 0.163815 0.775657 0.147435 0.015985
1 0.141806 0.849823 0.103415 0.015985
