0 0.286985 0.143617 0.393775 0.073371
0 0.286977 0.306799 0.393758 0.192159
0 0.286977 0.492254 0.393758 0.088220
0 0.286977 0.603542 0.393758 0.073371
0 0.272320 0.662910 0.364444 0.014053
0 0.243873 0.692532 0.307549 0.014053
0 0.250547 0.722229 0.320899 0.014053
0 0.279665 0.751926 0.379134 0.014053
0 0.708440 0.136206 0.393742 0.058523
0 0.286985 0.848327 0.393775 0.147614
0 0.708456 0.247481 0.393775 0.103068
0 0.708448 0.418049 0.393758 0.177235
0 0.708448 0.618352 0.393758 0.162386
0 0.708448 0.766723 0.393758 0.073371
0 0.708456 0.878011 0.393775 0.088220
1 0.135539 0.203081 0.090882 0.015985
1 0.125515 0.425581 0.070833 0.015985
1 0.182876 0.440025 0.185556 0.013939
1 0.206626 0.558737 0.233056 0.013939
1 0.621021 0.187828 0.218905 0.013939
1 0.569485 0.321389 0.115833 0.013939
1 0.625441 0.529040 0.227745 0.013939
1 0.581985 0.721919 0.140833 0.013939
1 0.630801 0.825783 0.238464 0.013939
