0 0.286985 0.455170 0.393775 0.162386
0 0.286985 0.722216 0.393775 0.281174
0 0.708480 0.188125 0.393824 0.162386
0 0.286961 0.907670 0.393725 0.028927
0 0.708497 0.432898 0.393856 0.266351
0 0.708448 0.670284 0.393758 0.147614
0 0.708448 0.840890 0.393758 0.132765
0 0.284387 0.325126 0.388578 0.027803
4 0.288080 0.200486 0.397859 0.183548
1 0.125515 0.559141 0.070833 0.015985
1 0.148889 0.573586 0.117582 0.013939
1 0.191675 0.885101 0.203154 0.013939
1 0.599877 0.291692 0.176618 0.013939
1 0.573873 0.588434 0.124608 0.013939
1 0.540907 0.766869 0.058676 0.015985
