0 0.288489 0.430221 0.393056 0.266124
0 0.710645 0.296686 0.392859 0.028775
0 0.288538 0.748946 0.393154 0.311225
0 0.710760 0.600543 0.393088 0.459545
0 0.710719 0.897285 0.393007 0.044116
0 0.397124 0.134040 0.608562 0.012374
0 0.500049 0.250221 0.801275 0.022210
3 0.500000 0.190455 0.814314 0.093333
1 0.218807 0.288857 0.253693 0.013371
1 0.157859 0.585600 0.131797 0.013371
1 0.546397 0.334066 0.064363 0.016313
1 0.710694 0.355410 0.392958 0.028775
1 0.708243 0.859798 0.388056 0.028763
1 0.115523 0.110511 0.045359 0.011856
