0 0.286977 0.517973 0.393758 0.058598
0 0.286977 0.599577 0.393758 0.073447
0 0.286977 0.718239 0.393758 0.103068
0 0.286977 0.822115 0.393758 0.073371
0 0.708497 0.555069 0.393856 0.162462
0 0.286985 0.903706 0.393775 0.058523
0 0.708431 0.695979 0.393725 0.088220
0 0.708456 0.836951 0.393775 0.132765
0 0.492353 0.418434 0.804510 0.023662
0 0.365515 0.248346 0.550833 0.011540
0 0.490809 0.195650 0.801422 0.044407
1 0.486904 0.150177 0.793611 0.046490
1 0.141806 0.480960 0.103415 0.015985
1 0.139240 0.658990 0.098284 0.015985
1 0.589436 0.762854 0.155735 0.015985
