0 0.286961 0.417412 0.393725 0.030177
0 0.286920 0.492235 0.393644 0.058561
0 0.286969 0.603554 0.393742 0.132765
0 0.286969 0.751875 0.393742 0.073371
0 0.286969 0.856869 0.393742 0.105303
0 0.708480 0.462557 0.393824 0.088245
0 0.708480 0.588693 0.393824 0.073396
0 0.708480 0.714830 0.393824 0.117917
0 0.707884 0.855732 0.395016 0.132778
0 0.306765 0.113472 0.433333 0.011919
0 0.271765 0.373933 0.350392 0.023725
3 0.498725 0.241326 0.817647 0.227197
1 0.285458 0.454842 0.390719 0.014003
1 0.280507 0.699659 0.380817 0.028788
1 0.639101 0.410366 0.255065 0.014015
1 0.708570 0.536414 0.394003 0.028889
1 0.554428 0.648157 0.085719 0.015985
