0 0.286985 0.381004 0.393775 0.192083
0 0.286977 0.559009 0.393758 0.132765
0 0.708456 0.158479 0.393775 0.103068
0 0.286977 0.699994 0.393758 0.117917
0 0.708505 0.269691 0.393873 0.088220
0 0.708497 0.395814 0.393856 0.103068
0 0.708456 0.514539 0.393775 0.103068
0 0.708456 0.655448 0.393775 0.147614
0 0.708448 0.818668 0.393758 0.147538
0 0.171838 0.112973 0.163480 0.011881
0 0.181299 0.786913 0.182402 0.011881
3 0.287598 0.185455 0.395000 0.116364
3 0.187884 0.860701 0.195572 0.113750
1 0.545556 0.336566 0.067974 0.015985
