0 0.286977 0.151004 0.393758 0.058598
0 0.286977 0.232645 0.393758 0.073371
0 0.286985 0.440335 0.393775 0.310720
0 0.286969 0.655436 0.393742 0.058523
0 0.286977 0.811244 0.393758 0.221780
0 0.708448 0.165865 0.393758 0.117841
0 0.708440 0.277115 0.393742 0.073371
0 0.708448 0.373554 0.393758 0.088220
0 0.708456 0.536761 0.393775 0.177235
0 0.708448 0.677721 0.393758 0.073371
0 0.708440 0.766736 0.393742 0.073371
0 0.708423 0.840941 0.393709 0.043750
0 0.708448 0.907670 0.393758 0.028902
1 0.136806 0.113693 0.093415 0.013876
1 0.145768 0.618056 0.111340 0.013939
1 0.565417 0.440025 0.107696 0.013939
1 0.556961 0.885505 0.090784 0.015985
