0 0.286985 0.277102 0.393775 0.281098
0 0.286977 0.492266 0.393758 0.117917
0 0.286985 0.685095 0.393775 0.206932
0 0.708497 0.329085 0.393856 0.444280
0 0.286985 0.863176 0.393775 0.117917
0 0.708472 0.633163 0.393807 0.103093
0 0.708456 0.751351 0.393775 0.044874
0 0.708480 0.863163 0.393824 0.117917
1 0.286904 0.121054 0.393611 0.028851
1 0.133039 0.573990 0.085882 0.015985
1 0.556961 0.573990 0.090784 0.015985
1 0.546928 0.707475 0.070719 0.015985
1 0.544036 0.721919 0.064935 0.013939
1 0.550866 0.796086 0.078595 0.013939
