0 0.286985 0.484867 0.393775 0.192083
0 0.286969 0.633213 0.393742 0.073447
0 0.708448 0.165865 0.393758 0.117841
0 0.286969 0.737064 0.393742 0.073447
0 0.708431 0.284539 0.393725 0.088220
0 0.708448 0.410663 0.393758 0.103068
0 0.708448 0.536774 0.393758 0.117841
0 0.708489 0.625404 0.393840 0.029672
0 0.708440 0.669937 0.393742 0.029545
0 0.708448 0.737077 0.393758 0.073447
0 0.167737 0.112973 0.155278 0.011881
0 0.237271 0.789489 0.294346 0.011881
3 0.287598 0.236591 0.395000 0.218636
3 0.497696 0.861970 0.815196 0.116364
1 0.142606 0.692298 0.105016 0.013939
1 0.540907 0.351414 0.058676 0.015985
