0 0.286985 0.202936 0.393775 0.162462
0 0.286985 0.432898 0.393775 0.266351
0 0.286977 0.618365 0.393758 0.073447
0 0.708448 0.158479 0.393758 0.103068
0 0.286969 0.692519 0.393742 0.043775
0 0.708456 0.373580 0.393775 0.236629
0 0.708480 0.581282 0.393824 0.147614
0 0.708440 0.692532 0.393742 0.043750
0 0.246716 0.742822 0.313235 0.011881
0 0.493889 0.891174 0.794641 0.047121
3 0.497696 0.808750 0.815196 0.103409
1 0.139363 0.114066 0.098529 0.015985
1 0.546928 0.232702 0.070719 0.015985
1 0.539420 0.247146 0.055703 0.013939
