0 0.286985 0.403239 0.393775 0.088220
0 0.286969 0.507115 0.393742 0.088220
0 0.286969 0.618403 0.393742 0.103068
0 0.286977 0.774148 0.393758 0.147614
0 0.286969 0.892835 0.393742 0.058598
0 0.708423 0.381004 0.393709 0.043750
0 0.708448 0.499678 0.393758 0.132765
0 0.708440 0.603516 0.393742 0.043750
0 0.708456 0.737077 0.393775 0.192083
0 0.708480 0.892822 0.393824 0.058598
0 0.291209 0.112973 0.402222 0.011881
0 0.497541 0.327961 0.801944 0.023725
3 0.497696 0.218106 0.815196 0.181667
1 0.196716 0.692298 0.213235 0.013939
1 0.573873 0.425177 0.124608 0.013939
1 0.540907 0.855884 0.058676 0.015985
