0 0.286969 0.284564 0.393742 0.028902
0 0.286969 0.351307 0.393742 0.043750
0 0.286985 0.425524 0.393775 0.073371
0 0.286977 0.566471 0.393758 0.177235
0 0.286985 0.692532 0.393775 0.043750
0 0.286953 0.766723 0.393709 0.043674
0 0.286969 0.826092 0.393742 0.043750
0 0.708431 0.284577 0.393725 0.028902
0 0.286985 0.885410 0.393775 0.043750
0 0.708440 0.358744 0.393742 0.088295
0 0.708456 0.544186 0.393775 0.221780
0 0.708456 0.729615 0.393775 0.117917
0 0.708431 0.826092 0.393725 0.043750
0 0.708423 0.892822 0.393709 0.028902
0 0.412712 0.112973 0.645229 0.011881
3 0.497696 0.190644 0.815196 0.126742
1 0.146185 0.321420 0.112173 0.013876
1 0.192794 0.736799 0.205392 0.013876
1 0.548374 0.425208 0.073611 0.013876
1 0.579216 0.870328 0.135294 0.013939
