0 0.286977 0.722216 0.393758 0.162386
0 0.708440 0.151054 0.393742 0.088220
0 0.286977 0.870600 0.393758 0.103068
0 0.708448 0.321610 0.393758 0.192083
0 0.708448 0.455183 0.393758 0.043750
0 0.708448 0.536761 0.393758 0.058598
0 0.708423 0.596092 0.393709 0.028902
0 0.708480 0.685145 0.393824 0.117917
0 0.708456 0.803857 0.393775 0.088220
0 0.708456 0.892835 0.393775 0.058598
0 0.286969 0.553434 0.393742 0.082121
4 0.286944 0.300240 0.393758 0.380783
1 0.591454 0.217525 0.159771 0.013939
1 0.554428 0.499823 0.085719 0.015985
