0 0.468088 0.499211 0.570686 0.014356
0 0.497721 0.542670 0.629951 0.058801
0 0.497688 0.615663 0.629886 0.073725
0 0.497721 0.688737 0.629951 0.058939
0 0.478194 0.739634 0.590899 0.029091
0 0.286977 0.839299 0.393758 0.043674
0 0.708472 0.854160 0.393807 0.103068
0 0.286985 0.898668 0.393775 0.043750
0 0.492353 0.418434 0.804510 0.023662
0 0.497908 0.254312 0.815621 0.023523
0 0.341928 0.206982 0.503660 0.021768
1 0.496185 0.161540 0.812173 0.069217
1 0.218627 0.480808 0.071765 0.015985
1 0.139363 0.809747 0.098529 0.015985
