0 0.286961 0.128769 0.393725 0.043674
0 0.286961 0.188125 0.393725 0.043750
0 0.286977 0.262304 0.393758 0.073447
0 0.286969 0.366155 0.393742 0.073447
0 0.708423 0.121357 0.393709 0.028826
0 0.286985 0.544198 0.393775 0.251477
0 0.708456 0.202948 0.393775 0.103068
0 0.708448 0.336509 0.393758 0.132765
0 0.708456 0.544186 0.393775 0.221780
0 0.297108 0.697367 0.414020 0.011881
0 0.496830 0.897008 0.800523 0.058788
3 0.497696 0.786023 0.815196 0.148864
1 0.119493 0.321717 0.058791 0.015985
1 0.554428 0.425581 0.085719 0.015985
