0 0.286977 0.121345 0.393758 0.028826
0 0.286977 0.188087 0.393758 0.073371
0 0.286961 0.262304 0.393725 0.043750
0 0.286969 0.366117 0.393742 0.103068
0 0.286977 0.507102 0.393758 0.117917
0 0.286985 0.707380 0.393775 0.251477
0 0.286977 0.900246 0.393758 0.043750
0 0.708497 0.158479 0.393856 0.103068
0 0.708448 0.269691 0.393758 0.088220
0 0.708440 0.380966 0.393742 0.073371
0 0.708456 0.507102 0.393775 0.117917
0 0.708611 0.865770 0.394085 0.082121
4 0.708660 0.702500 0.394183 0.228182
1 0.180065 0.306944 0.179935 0.015985
1 0.192484 0.440025 0.204771 0.013939
1 0.119493 0.855884 0.058791 0.015985
1 0.154493 0.870328 0.128791 0.013939
1 0.566479 0.336162 0.109820 0.013939
1 0.554428 0.440429 0.085719 0.015985
