0 0.286969 0.136193 0.393742 0.058523
0 0.286985 0.262216 0.393775 0.162563
0 0.286977 0.440335 0.393758 0.162386
0 0.286985 0.596117 0.393775 0.058523
0 0.286977 0.714804 0.393758 0.147538
0 0.286969 0.855739 0.393742 0.073371
0 0.708489 0.217664 0.393840 0.192273
0 0.708456 0.551610 0.393775 0.414659
0 0.708480 0.855739 0.393824 0.132765
1 0.183848 0.544293 0.187500 0.015985
1 0.125801 0.558737 0.071405 0.013939
1 0.134706 0.810966 0.089216 0.013876
1 0.547165 0.113662 0.071193 0.013939
1 0.602328 0.336162 0.181520 0.013939
1 0.583864 0.781313 0.144592 0.013939
