0 0.497761 0.494223 0.630033 0.073573
0 0.497729 0.552443 0.629967 0.029104
0 0.497770 0.603270 0.630049 0.058788
0 0.286977 0.740019 0.393758 0.088295
0 0.286977 0.866130 0.393758 0.132765
0 0.708423 0.710372 0.393709 0.058523
0 0.708456 0.784539 0.393775 0.058523
0 0.708448 0.888390 0.393758 0.088220
0 0.492353 0.383737 0.804510 0.023662
0 0.416765 0.225619 0.653333 0.011540
0 0.163456 0.184287 0.146716 0.021679
1 0.474134 0.150177 0.768072 0.046490
1 0.218627 0.446035 0.071765 0.015985
1 0.141806 0.688232 0.103415 0.015985
1 0.605270 0.836566 0.187402 0.015985
