0 0.286985 0.188087 0.393775 0.132765
0 0.286985 0.343895 0.393775 0.147538
0 0.286985 0.551622 0.393775 0.236629
0 0.286977 0.729653 0.393758 0.088295
0 0.708440 0.121357 0.393742 0.028826
0 0.286977 0.855751 0.393758 0.132765
0 0.708448 0.210360 0.393758 0.058523
0 0.708448 0.366155 0.393758 0.221780
0 0.708456 0.536774 0.393775 0.088295
0 0.708489 0.648011 0.393840 0.073371
0 0.708464 0.766736 0.393791 0.132765
0 0.708448 0.885448 0.393758 0.073371
1 0.141806 0.114066 0.103415 0.015985
1 0.605270 0.158535 0.187402 0.015985
1 0.539191 0.172980 0.055245 0.013939
1 0.554028 0.603283 0.084918 0.013939
