0 0.286985 0.180701 0.393775 0.147538
0 0.286977 0.343895 0.393758 0.147538
0 0.286977 0.521926 0.393758 0.177235
0 0.286985 0.714792 0.393775 0.147538
0 0.286969 0.840903 0.393742 0.073371
0 0.708456 0.165846 0.393775 0.117879
0 0.286977 0.907683 0.393758 0.028902
0 0.708440 0.269729 0.393742 0.058598
0 0.708448 0.343895 0.393758 0.058598
0 0.708448 0.432898 0.393758 0.058598
0 0.708440 0.529388 0.393742 0.103068
0 0.708448 0.677721 0.393758 0.162462
0 0.708480 0.833466 0.393824 0.088220
1 0.187582 0.632904 0.194967 0.013939
1 0.602688 0.395556 0.182239 0.013939
1 0.573873 0.781313 0.124608 0.013939
