0 0.286977 0.507102 0.393758 0.088220
0 0.708431 0.121357 0.393725 0.028826
0 0.286985 0.662910 0.393775 0.192083
0 0.708480 0.240032 0.393824 0.177235
0 0.708448 0.470019 0.393758 0.221780
0 0.708472 0.655436 0.393807 0.088220
0 0.708423 0.744489 0.393709 0.028902
0 0.708456 0.855739 0.393775 0.132765
0 0.285997 0.387513 0.391797 0.094697
0 0.240033 0.775625 0.299869 0.011881
4 0.286944 0.223876 0.393758 0.228056
3 0.287990 0.855000 0.395784 0.130303
1 0.556961 0.351414 0.090784 0.015985
1 0.568905 0.603611 0.114673 0.015985
1 0.654436 0.722323 0.285735 0.015985
1 0.604453 0.781641 0.185768 0.015985
