0 0.497786 0.498718 0.630082 0.058826
0 0.260163 0.542115 0.154837 0.014457
0 0.497680 0.570732 0.629869 0.029192
0 0.497737 0.621521 0.629984 0.058826
0 0.708456 0.721244 0.393775 0.043750
0 0.286985 0.817670 0.393775 0.206932
0 0.708456 0.847330 0.393775 0.147614
0 0.492353 0.395707 0.804510 0.023662
0 0.497132 0.231585 0.814069 0.023523
0 0.350850 0.184255 0.521503 0.021768
1 0.497917 0.150177 0.815637 0.046490
1 0.218627 0.458081 0.071765 0.015985
1 0.139363 0.706490 0.098529 0.015985
1 0.586095 0.765884 0.149052 0.015985
