0 0.289436 0.808718 0.393186 0.074104
0 0.711822 0.697468 0.393252 0.266907
0 0.289428 0.890328 0.393170 0.059217
0 0.711683 0.875518 0.392974 0.059116
0 0.287222 0.714583 0.388758 0.060025
0 0.495784 0.140284 0.805882 0.023826
0 0.288905 0.368794 0.392124 0.035896
0 0.701315 0.362771 0.372239 0.023851
0 0.711814 0.532165 0.380294 0.032285
3 0.500441 0.234280 0.815196 0.157045
3 0.289755 0.439470 0.393824 0.098333
3 0.711618 0.446212 0.392843 0.135758
4 0.304020 0.595000 0.422353 0.162576
1 0.118399 0.511117 0.051111 0.011856
1 0.115523 0.110511 0.045359 0.011856
1 0.115523 0.333087 0.045359 0.011856
1 0.537941 0.333087 0.045490 0.011856
