0 0.497778 0.158314 0.630065 0.103270
0 0.497778 0.246136 0.630065 0.058813
0 0.286969 0.405208 0.393742 0.132765
0 0.286977 0.553554 0.393758 0.132765
0 0.286985 0.701963 0.393775 0.132765
0 0.286985 0.835448 0.393775 0.103068
0 0.708448 0.345865 0.393758 0.043750
0 0.286961 0.917077 0.393725 0.028902
0 0.708456 0.531307 0.393775 0.266326
0 0.708448 0.783504 0.393758 0.177235
0 0.708456 0.902229 0.393775 0.028902
1 0.139363 0.331111 0.098529 0.015985
1 0.546928 0.390505 0.070719 0.015985
1 0.552116 0.686843 0.081095 0.013939
