0 0.286985 0.121345 0.393775 0.028826
0 0.286969 0.188125 0.393742 0.043750
0 0.286977 0.284527 0.393758 0.088220
0 0.286977 0.388403 0.393758 0.088220
0 0.286969 0.484830 0.393742 0.043674
0 0.286985 0.559009 0.393775 0.073371
0 0.274853 0.617936 0.369510 0.019356
0 0.286985 0.781225 0.393775 0.281818
0 0.708456 0.210360 0.393775 0.177311
0 0.708456 0.410638 0.393775 0.192083
0 0.708448 0.588706 0.393758 0.132765
0 0.708448 0.722216 0.393758 0.073447
0 0.708448 0.848327 0.393758 0.147614
1 0.117565 0.158131 0.054935 0.013939
1 0.102876 0.232298 0.025556 0.013939
1 0.152982 0.454874 0.125768 0.013939
1 0.540907 0.114066 0.058676 0.015985
1 0.554428 0.677854 0.085719 0.015985
