0 0.289322 0.516023 0.392958 0.133333
0 0.289371 0.628775 0.393056 0.066919
0 0.711716 0.529356 0.393039 0.159697
0 0.711683 0.635347 0.392974 0.053775
0 0.372132 0.682159 0.558578 0.012298
0 0.289346 0.806433 0.393007 0.133371
0 0.711757 0.791585 0.393121 0.133371
0 0.500833 0.923731 0.815980 0.024003
0 0.496879 0.386686 0.808072 0.024609
0 0.362533 0.274280 0.539379 0.036086
0 0.495743 0.211976 0.805801 0.038422
1 0.501021 0.157386 0.816356 0.069167
1 0.128088 0.431540 0.070490 0.015960
1 0.145359 0.732323 0.105033 0.016313
