0 0.497761 0.549867 0.630033 0.043952
0 0.497794 0.608125 0.630098 0.058801
0 0.497696 0.658958 0.629902 0.029104
0 0.497704 0.702367 0.629918 0.043952
0 0.497745 0.760587 0.630000 0.058725
0 0.497721 0.811383 0.629951 0.029104
0 0.497753 0.840013 0.630016 0.014242
0 0.497819 0.890814 0.630147 0.073573
0 0.400948 0.480057 0.621699 0.011881
0 0.492353 0.418434 0.804510 0.023662
0 0.493905 0.254312 0.807614 0.023523
0 0.310212 0.206989 0.440229 0.021755
1 0.447851 0.161540 0.715507 0.069217
1 0.218627 0.516566 0.071765 0.015985
