0 0.497712 0.515107 0.629935 0.044053
0 0.497745 0.573346 0.630000 0.058813
0 0.497729 0.631604 0.629967 0.043965
0 0.497721 0.682393 0.629951 0.044053
0 0.385564 0.445360 0.590931 0.011881
0 0.286993 0.826648 0.393791 0.117917
0 0.708456 0.804388 0.393775 0.103068
0 0.286977 0.915638 0.393758 0.028902
0 0.708423 0.900827 0.393709 0.058523
0 0.492353 0.383737 0.804510 0.023662
0 0.337647 0.225619 0.495098 0.011540
0 0.176127 0.184287 0.172059 0.021679
1 0.484363 0.150177 0.788529 0.046490
1 0.218627 0.481869 0.071765 0.015985
1 0.141806 0.759975 0.103415 0.015985
