0 0.497696 0.494223 0.629902 0.073573
0 0.497737 0.567292 0.629984 0.058801
0 0.497843 0.632929 0.630196 0.058712
0 0.286977 0.784527 0.393758 0.117917
0 0.708431 0.747456 0.393725 0.073447
0 0.286977 0.903201 0.393758 0.058598
0 0.708456 0.866130 0.393775 0.132765
0 0.492353 0.383737 0.804510 0.023662
0 0.301185 0.225619 0.422173 0.011540
0 0.174739 0.184287 0.169281 0.021679
1 0.498284 0.150177 0.816373 0.046490
1 0.218627 0.446035 0.071765 0.015985
1 0.141806 0.717854 0.103415 0.015985
1 0.169322 0.865859 0.158448 0.013939
