0 0.286985 0.225208 0.393775 0.236553
0 0.286977 0.432936 0.393758 0.117917
0 0.286985 0.581269 0.393775 0.117917
0 0.286977 0.707367 0.393758 0.073447
0 0.708448 0.432898 0.393758 0.028902
0 0.286977 0.833516 0.393758 0.147538
0 0.708448 0.529375 0.393758 0.103068
0 0.708456 0.759299 0.393775 0.295947
0 0.632328 0.112973 0.241520 0.011881
3 0.709020 0.232311 0.394902 0.210076
1 0.132614 0.365859 0.085033 0.013939
1 0.112851 0.514223 0.045507 0.013876
1 0.144951 0.662633 0.109706 0.013876
1 0.570515 0.469754 0.117892 0.013876
1 0.554371 0.603314 0.085605 0.013876
