0 0.287002 0.180701 0.393807 0.147538
0 0.286985 0.403201 0.393775 0.206932
0 0.286977 0.618352 0.393758 0.162386
0 0.286985 0.811244 0.393775 0.192083
0 0.708456 0.232595 0.393775 0.221780
0 0.708456 0.455170 0.393775 0.162386
0 0.708456 0.596130 0.393775 0.088220
0 0.708448 0.714842 0.393758 0.117917
0 0.708431 0.803819 0.393725 0.028902
0 0.708448 0.870587 0.393758 0.043674
1 0.142606 0.276843 0.105016 0.013939
1 0.204886 0.291723 0.229575 0.013876
1 0.166046 0.529072 0.151895 0.013876
1 0.591503 0.113693 0.159869 0.013876
1 0.587557 0.365890 0.151977 0.013876
1 0.558742 0.840663 0.094346 0.013876
