0 0.286985 0.151004 0.393775 0.058598
0 0.286977 0.269678 0.393758 0.117917
0 0.286977 0.373580 0.393758 0.028902
0 0.286985 0.469981 0.393775 0.103068
0 0.286977 0.573845 0.393758 0.043674
0 0.286985 0.699956 0.393775 0.177235
0 0.286969 0.840903 0.393742 0.073371
0 0.708448 0.210360 0.393758 0.177311
0 0.708456 0.373554 0.393775 0.117917
0 0.708456 0.514527 0.393775 0.103068
0 0.708456 0.625789 0.393775 0.088295
0 0.708489 0.803447 0.393840 0.237374
1 0.128783 0.113693 0.077369 0.013876
1 0.159044 0.202708 0.137892 0.013876
1 0.154926 0.351010 0.129657 0.013939
1 0.139248 0.410436 0.098301 0.013876
1 0.149542 0.543920 0.118889 0.013876
1 0.589551 0.113693 0.155964 0.013876
1 0.556618 0.454905 0.090098 0.013876
