0 0.286985 0.358731 0.393775 0.177235
0 0.286977 0.521951 0.393758 0.088220
0 0.286977 0.641717 0.393758 0.120152
0 0.286985 0.782664 0.393775 0.134924
0 0.708456 0.358744 0.393775 0.177235
0 0.286961 0.900246 0.393725 0.043750
0 0.708448 0.499691 0.393758 0.073371
0 0.708448 0.602885 0.393758 0.104381
0 0.708448 0.774148 0.393758 0.177311
0 0.708489 0.900246 0.393840 0.043750
0 0.476119 0.112973 0.772042 0.011881
3 0.497696 0.178977 0.815196 0.103409
1 0.181536 0.469722 0.182876 0.013939
1 0.197247 0.870328 0.214297 0.013939
1 0.554428 0.677854 0.085719 0.015985
