0 0.289363 0.481338 0.393039 0.133308
0 0.711699 0.428529 0.393007 0.026831
0 0.289363 0.607348 0.393039 0.093409
0 0.711658 0.501269 0.392925 0.093447
0 0.711683 0.607304 0.392974 0.093497
0 0.255907 0.673851 0.326127 0.012399
0 0.289346 0.783403 0.393007 0.103674
0 0.711781 0.798251 0.393170 0.163068
0 0.289346 0.872418 0.393007 0.044280
0 0.500441 0.923731 0.815196 0.024003
0 0.496879 0.351951 0.808072 0.024684
0 0.494101 0.245587 0.802516 0.024078
0 0.498693 0.189299 0.811699 0.038321
1 0.489943 0.146023 0.794199 0.046439
1 0.128088 0.396843 0.070490 0.015960
1 0.145359 0.724141 0.105033 0.016313
