0 0.216324 0.248358 0.256176 0.125581
0 0.216029 0.476273 0.255588 0.274170
0 0.212941 0.723571 0.249412 0.164320
0 0.501667 0.290768 0.258235 0.205506
0 0.210147 0.826554 0.243824 0.040724
0 0.783480 0.256442 0.253235 0.136854
0 0.501985 0.736061 0.258873 0.356767
0 0.785654 0.476149 0.257582 0.301635
0 0.785123 0.814363 0.256520 0.039413
0 0.781936 0.854126 0.250147 0.019588
0 0.773742 0.884076 0.233758 0.019438
0 0.773480 0.699650 0.233235 0.009563
0 0.780588 0.724675 0.247451 0.039413
0 0.783529 0.669782 0.253333 0.029526
0 0.782933 0.774451 0.252141 0.019563
0 0.216324 0.169881 0.256176 0.012372
1 0.475997 0.126635 0.775523 0.071823
1 0.188742 0.328109 0.201013 0.013745
1 0.208137 0.630331 0.239804 0.013745
1 0.486160 0.539295 0.227222 0.028727
