0 0.289297 0.483819 0.392908 0.133346
0 0.711675 0.431016 0.392958 0.026831
0 0.289338 0.589956 0.392990 0.053674
0 0.711642 0.490556 0.392892 0.080177
0 0.711667 0.576654 0.392941 0.080253
0 0.347925 0.636692 0.510163 0.012298
0 0.711691 0.708561 0.392990 0.060152
0 0.289371 0.798062 0.393056 0.207538
0 0.711773 0.827759 0.393154 0.148144
0 0.461822 0.929110 0.737958 0.012033
0 0.496879 0.354489 0.808072 0.024609
0 0.316838 0.248106 0.447990 0.024040
0 0.363219 0.201843 0.540752 0.018207
1 0.500752 0.157386 0.815817 0.069167
1 0.128088 0.399343 0.070490 0.015960
1 0.145359 0.686869 0.105033 0.016313
