0 0.386111 0.127886 0.620707 0.016564
0 0.207424 0.242465 0.263333 0.128659
0 0.205909 0.433467 0.260303 0.252375
0 0.207879 0.672280 0.264242 0.224278
0 0.501717 0.782644 0.266061 0.168097
0 0.204848 0.819796 0.258182 0.069757
0 0.789949 0.299981 0.256667 0.238327
0 0.495993 0.895019 0.254613 0.055709
0 0.793712 0.667146 0.264192 0.142490
0 0.782037 0.830428 0.240842 0.019885
0 0.787887 0.876220 0.252542 0.050702
0 0.791212 0.457950 0.259192 0.030204
0 0.792643 0.779444 0.262054 0.060754
0 0.793973 0.575236 0.264714 0.020000
0 0.253207 0.152484 0.354899 0.012656
2 0.501465 0.435070 0.265556 0.463244
1 0.477576 0.098895 0.803636 0.035160
1 0.436094 0.189496 0.134815 0.015466
