0 0.289338 0.449078 0.392990 0.040556
0 0.289297 0.508813 0.392908 0.053662
0 0.711699 0.495713 0.393007 0.132891
0 0.289322 0.601610 0.392958 0.106705
0 0.711708 0.614830 0.393023 0.080265
0 0.312206 0.674874 0.438725 0.012323
0 0.711634 0.747266 0.392876 0.059129
0 0.289363 0.814009 0.393039 0.163068
0 0.711724 0.843706 0.393056 0.103674
0 0.500613 0.923712 0.815539 0.024040
0 0.496879 0.366155 0.808072 0.024609
0 0.441757 0.245556 0.697827 0.024116
0 0.500891 0.189236 0.816095 0.038447
1 0.500768 0.146023 0.815850 0.046439
1 0.128088 0.411010 0.070490 0.015960
1 0.145359 0.725051 0.105033 0.016313
