0 0.286985 0.217784 0.393775 0.221705
0 0.286985 0.529337 0.393775 0.310720
0 0.286961 0.751875 0.393725 0.073371
0 0.708440 0.136206 0.393742 0.058523
0 0.286985 0.870587 0.393775 0.103068
0 0.708448 0.240057 0.393758 0.088220
0 0.708456 0.432898 0.393775 0.236629
0 0.708456 0.670284 0.393775 0.177311
0 0.708448 0.848314 0.393758 0.117917
1 0.125515 0.351414 0.070833 0.015985
1 0.117761 0.365859 0.055327 0.013939
1 0.124975 0.707071 0.069755 0.013939
1 0.122737 0.810934 0.065278 0.013939
1 0.576046 0.187828 0.128954 0.013939
1 0.597002 0.306540 0.170866 0.013939
1 0.604894 0.573586 0.186650 0.013939
1 0.575850 0.781313 0.128562 0.013939
