0 0.286977 0.158428 0.393758 0.073447
0 0.286985 0.351307 0.393775 0.251477
0 0.286985 0.655436 0.393775 0.295947
0 0.286985 0.863163 0.393775 0.058523
0 0.708456 0.358731 0.393775 0.414659
0 0.708448 0.648024 0.393758 0.132765
0 0.708440 0.840928 0.393742 0.162386
1 0.143529 0.113662 0.106863 0.013939
1 0.188472 0.217525 0.196748 0.013939
1 0.133791 0.499419 0.087386 0.013939
1 0.152451 0.825783 0.124706 0.013939
1 0.540907 0.114066 0.058676 0.015985
1 0.708219 0.135896 0.393301 0.028712
1 0.708399 0.744192 0.393660 0.028788
