0 0.289289 0.461433 0.392892 0.093573
0 0.289387 0.574186 0.393088 0.106705
0 0.711683 0.488005 0.392974 0.146490
0 0.711667 0.594040 0.392941 0.066995
0 0.288725 0.647348 0.391765 0.012348
0 0.711740 0.742014 0.393088 0.103725
0 0.289338 0.801395 0.392990 0.192689
0 0.711748 0.853340 0.393105 0.088826
0 0.500645 0.923712 0.815605 0.024040
0 0.496879 0.351951 0.808072 0.024684
0 0.397606 0.245568 0.609526 0.024116
0 0.479714 0.189236 0.773742 0.038422
1 0.485482 0.145960 0.785278 0.046566
1 0.128088 0.396843 0.070490 0.015960
1 0.145359 0.697626 0.105033 0.016313
