0 0.286977 0.195549 0.393758 0.177235
0 0.286993 0.366130 0.393791 0.132765
0 0.286993 0.640625 0.393791 0.355265
0 0.286977 0.863163 0.393758 0.028826
0 0.247851 0.915095 0.315507 0.014053
0 0.633480 0.113958 0.243824 0.014053
0 0.662525 0.143580 0.301912 0.014053
0 0.608284 0.173277 0.193431 0.014053
0 0.597116 0.202973 0.171095 0.014053
0 0.588145 0.232595 0.153154 0.014053
0 0.573145 0.262292 0.123154 0.014053
0 0.593734 0.291989 0.164330 0.014053
0 0.608047 0.321610 0.192958 0.014053
0 0.620980 0.351307 0.218824 0.014053
0 0.594763 0.381004 0.166389 0.014053
0 0.623489 0.410625 0.223840 0.014053
0 0.677410 0.440322 0.331683 0.014053
0 0.649714 0.470032 0.276291 0.014053
0 0.651471 0.499653 0.279804 0.014053
0 0.577010 0.528662 0.130882 0.015429
0 0.604559 0.558434 0.185980 0.015278
0 0.645458 0.588668 0.267778 0.014053
0 0.684036 0.618365 0.344935 0.014053
0 0.595801 0.648062 0.168464 0.014053
0 0.633325 0.677683 0.243513 0.014053
0 0.708423 0.729640 0.393709 0.028902
0 0.708440 0.774160 0.393742 0.028826
0 0.641185 0.811244 0.259232 0.014053
0 0.651618 0.840941 0.280098 0.014053
0 0.707851 0.870562 0.392565 0.014053
0 0.704755 0.920896 0.386373 0.024949
1 0.135539 0.455278 0.090882 0.015985
1 0.174477 0.841035 0.168758 0.015985
1 0.173145 0.900354 0.166095 0.015985
1 0.604453 0.707475 0.185768 0.015985
1 0.592484 0.900354 0.161830 0.015985
