0 0.286985 0.247134 0.393775 0.281818
0 0.286977 0.455170 0.393758 0.073447
0 0.286985 0.670284 0.393775 0.266250
0 0.708440 0.128744 0.393742 0.043725
0 0.286977 0.870600 0.393758 0.103068
0 0.708489 0.262292 0.393840 0.132689
0 0.708480 0.403239 0.393824 0.088220
0 0.708456 0.551622 0.393775 0.177235
0 0.708464 0.744501 0.393791 0.177235
0 0.708448 0.885448 0.393758 0.073371
1 0.152451 0.410404 0.124706 0.013939
1 0.119493 0.514596 0.058791 0.015985
1 0.263064 0.528996 0.345931 0.014028
1 0.705801 0.180404 0.388464 0.028788
1 0.554428 0.351414 0.085719 0.015985
