0 0.289371 0.476597 0.393056 0.093548
0 0.289363 0.622500 0.393039 0.172955
0 0.711765 0.536433 0.393137 0.212513
0 0.289322 0.735177 0.392958 0.027146
0 0.711691 0.708636 0.392990 0.080253
0 0.711683 0.849160 0.392974 0.102942
0 0.289289 0.856585 0.392892 0.088093
0 0.324510 0.929110 0.463333 0.012033
0 0.496879 0.367102 0.808072 0.024684
0 0.290000 0.248106 0.394314 0.024040
0 0.432582 0.201856 0.679477 0.018207
1 0.496495 0.157386 0.807304 0.069167
1 0.128088 0.411995 0.070490 0.015960
1 0.145359 0.804975 0.105033 0.016313
