0 0.289338 0.476578 0.392990 0.093586
0 0.289314 0.589343 0.392941 0.106692
0 0.711699 0.503327 0.393007 0.146149
0 0.289322 0.668895 0.392958 0.027134
0 0.711691 0.648977 0.392990 0.066995
0 0.711675 0.812525 0.392958 0.162399
0 0.289330 0.819994 0.392974 0.147487
0 0.500645 0.923731 0.815605 0.024003
0 0.496879 0.367102 0.808072 0.024684
0 0.451691 0.248112 0.717696 0.024028
0 0.391895 0.201862 0.598105 0.018194
1 0.475155 0.157273 0.764624 0.069394
1 0.128088 0.411995 0.070490 0.015960
1 0.145359 0.738687 0.105033 0.016313
