0 0.289363 0.491143 0.393039 0.146578
0 0.711699 0.451597 0.393007 0.066604
0 0.289355 0.623775 0.393023 0.093460
0 0.711691 0.550669 0.392990 0.107071
0 0.711634 0.643630 0.392876 0.053725
0 0.711765 0.780676 0.393137 0.162336
0 0.289346 0.805183 0.393007 0.133472
0 0.500580 0.911723 0.815474 0.048018
0 0.496879 0.355133 0.808072 0.024684
0 0.416773 0.242140 0.647859 0.012033
0 0.422190 0.201913 0.658693 0.018093
1 0.467998 0.157304 0.750310 0.069331
1 0.128088 0.399949 0.070490 0.015960
1 0.145359 0.731717 0.105033 0.016313
