0 0.289355 0.435278 0.393023 0.080278
0 0.289330 0.528138 0.392974 0.080164
0 0.711708 0.475259 0.393023 0.159407
0 0.289289 0.594413 0.392892 0.027159
0 0.711716 0.587765 0.393039 0.040455
0 0.711609 0.671319 0.392827 0.028775
0 0.289355 0.752910 0.393023 0.162260
0 0.711683 0.775145 0.392974 0.147487
0 0.500490 0.899754 0.815294 0.071957
0 0.496879 0.332405 0.808072 0.024684
0 0.377051 0.219413 0.568415 0.012033
0 0.362108 0.179186 0.538529 0.018093
1 0.491748 0.146023 0.797810 0.046439
1 0.128088 0.377222 0.070490 0.015960
1 0.145359 0.664141 0.105033 0.016313
