0 0.286977 0.158466 0.393758 0.103068
0 0.286985 0.358744 0.393775 0.266326
0 0.708440 0.136206 0.393742 0.058523
0 0.286993 0.714804 0.393791 0.414659
0 0.708448 0.232658 0.393758 0.103068
0 0.708456 0.410663 0.393775 0.162462
0 0.708448 0.588693 0.393758 0.132765
0 0.708456 0.751875 0.393775 0.132765
0 0.708448 0.885436 0.393758 0.073371
1 0.546928 0.306944 0.070719 0.015985
1 0.602304 0.321389 0.181471 0.013939
1 0.582157 0.514192 0.141176 0.013939
1 0.557361 0.677481 0.091585 0.013876
1 0.581871 0.840631 0.140605 0.013939
