0 0.286977 0.188125 0.393758 0.162386
0 0.286985 0.425473 0.393775 0.251477
0 0.286985 0.610928 0.393775 0.058598
0 0.286977 0.670297 0.393758 0.028826
0 0.286969 0.722229 0.393742 0.043750
0 0.286985 0.789009 0.393775 0.058523
0 0.286969 0.855751 0.393742 0.043674
0 0.708448 0.128782 0.393758 0.043674
0 0.685809 0.173289 0.348480 0.014053
0 0.708440 0.217797 0.393742 0.043674
0 0.708440 0.269729 0.393742 0.028902
0 0.708431 0.321622 0.393725 0.043750
0 0.668840 0.366168 0.314542 0.014053
0 0.708431 0.418100 0.393725 0.058523
0 0.708456 0.477456 0.393775 0.028902
0 0.708456 0.677721 0.393775 0.340492
0 0.708456 0.900246 0.393775 0.043750
1 0.192222 0.291692 0.204248 0.013939
1 0.158783 0.573586 0.137369 0.013939
1 0.628734 0.870328 0.234330 0.013939
