0 0.286977 0.188125 0.393758 0.162386
0 0.286969 0.358744 0.393742 0.147538
0 0.286985 0.529350 0.393775 0.162386
0 0.286985 0.699981 0.393775 0.088220
0 0.708456 0.151054 0.393775 0.088220
0 0.286977 0.848314 0.393758 0.147614
0 0.708448 0.299375 0.393758 0.147614
0 0.708440 0.440322 0.393742 0.073447
0 0.708448 0.648011 0.393758 0.281098
0 0.708464 0.870587 0.393791 0.103068
1 0.125515 0.633308 0.070833 0.015985
1 0.183309 0.647753 0.186422 0.013939
1 0.168578 0.766496 0.156961 0.013876
1 0.595139 0.217557 0.167141 0.013876
1 0.553227 0.395587 0.083317 0.013876
1 0.581258 0.499419 0.139379 0.013939
1 0.574461 0.810934 0.125784 0.013939
