0 0.286977 0.151042 0.393758 0.088220
0 0.286985 0.314198 0.393775 0.206932
0 0.286977 0.521926 0.393758 0.177235
0 0.286985 0.662872 0.393775 0.073371
0 0.286977 0.774148 0.393758 0.058523
0 0.286977 0.878011 0.393758 0.088220
0 0.708431 0.128782 0.393725 0.043674
0 0.590343 0.173289 0.157549 0.014053
0 0.708448 0.210360 0.393758 0.028826
0 0.708440 0.254880 0.393742 0.028902
0 0.708440 0.343933 0.393742 0.117917
0 0.708456 0.432910 0.393775 0.028902
0 0.708480 0.573845 0.393824 0.162462
0 0.708448 0.692532 0.393758 0.043750
0 0.708456 0.826092 0.393775 0.192083
1 0.125515 0.722323 0.070833 0.015985
1 0.159126 0.736768 0.138056 0.013939
1 0.279330 0.825783 0.378464 0.013939
1 0.709101 0.477146 0.395065 0.028788
