0 0.497737 0.471944 0.629984 0.029015
0 0.497737 0.507929 0.629984 0.029015
0 0.497704 0.551345 0.629918 0.043876
0 0.497745 0.602134 0.630000 0.043939
0 0.286985 0.753769 0.393775 0.132765
0 0.708423 0.687001 0.393709 0.028902
0 0.286969 0.872456 0.393742 0.073447
0 0.708440 0.731509 0.393742 0.028826
0 0.708448 0.820524 0.393758 0.117917
0 0.492353 0.383737 0.804510 0.023662
0 0.338301 0.225619 0.496405 0.011540
0 0.147288 0.184287 0.114379 0.021679
1 0.462843 0.150177 0.745490 0.046490
1 0.218627 0.446035 0.071765 0.015985
1 0.141806 0.679672 0.103415 0.015985
