0 0.286985 0.173277 0.393775 0.073447
0 0.286985 0.299388 0.393775 0.147614
0 0.286961 0.425524 0.393725 0.073371
0 0.286977 0.559047 0.393758 0.162386
0 0.286977 0.759299 0.393758 0.177311
0 0.708456 0.210372 0.393775 0.206856
0 0.286977 0.892835 0.393758 0.058598
0 0.708448 0.373554 0.393758 0.088220
0 0.708456 0.514527 0.393775 0.132765
0 0.708456 0.751888 0.393775 0.310795
1 0.133039 0.114066 0.085882 0.015985
1 0.132418 0.128510 0.084641 0.013939
1 0.195466 0.662601 0.210735 0.013939
1 0.591324 0.440025 0.159510 0.013939
