0 0.286969 0.343883 0.393742 0.058598
0 0.286985 0.447759 0.393775 0.117841
0 0.286977 0.559009 0.393758 0.073371
0 0.286977 0.655448 0.393758 0.088220
0 0.286977 0.766736 0.393758 0.103068
0 0.286993 0.878024 0.393791 0.088220
0 0.708423 0.336471 0.393709 0.043750
0 0.708448 0.410676 0.393758 0.073371
0 0.708448 0.492266 0.393758 0.058523
0 0.708440 0.573870 0.393742 0.073371
0 0.708456 0.722241 0.393775 0.192083
0 0.708464 0.878037 0.393791 0.088220
0 0.444510 0.112973 0.708824 0.011881
3 0.497696 0.184811 0.815196 0.115076
