0 0.286985 0.573958 0.393775 0.192083
0 0.286977 0.781686 0.393758 0.162386
0 0.708448 0.499804 0.393758 0.073447
0 0.286969 0.900410 0.393742 0.043750
0 0.708448 0.596282 0.393758 0.088220
0 0.708448 0.700107 0.393758 0.088295
0 0.708456 0.855890 0.393775 0.132765
0 0.492353 0.407715 0.804510 0.023737
0 0.497819 0.231604 0.815441 0.023510
0 0.185237 0.184287 0.190278 0.021679
1 0.487508 0.150177 0.794820 0.046490
1 0.141806 0.470278 0.103415 0.015985
1 0.220882 0.692778 0.261569 0.015985
1 0.544943 0.766944 0.066748 0.015985
1 0.697418 0.781389 0.371699 0.013939
