0 0.286969 0.655473 0.393742 0.236654
0 0.286977 0.855751 0.393758 0.132765
0 0.708489 0.618352 0.393840 0.162386
0 0.708440 0.751888 0.393742 0.073371
0 0.708456 0.870587 0.393775 0.103068
0 0.342696 0.112973 0.505196 0.011881
0 0.320057 0.305852 0.459918 0.011881
0 0.497247 0.242582 0.801356 0.035391
0 0.497247 0.435461 0.801356 0.035391
3 0.497696 0.172500 0.815196 0.090455
3 0.497696 0.365341 0.815196 0.090530
1 0.287361 0.521616 0.394526 0.028788
1 0.708775 0.521616 0.394412 0.028788
1 0.554428 0.811338 0.085719 0.015985
