0 0.286977 0.714792 0.393758 0.058598
0 0.241830 0.781534 0.303464 0.014053
0 0.286977 0.826092 0.393758 0.043750
0 0.264526 0.870562 0.348856 0.014053
0 0.189665 0.900259 0.199134 0.014053
0 0.646029 0.692532 0.268922 0.014053
0 0.569126 0.722229 0.115114 0.014053
0 0.660458 0.751926 0.297778 0.014053
0 0.579469 0.781547 0.135801 0.014053
0 0.630703 0.811244 0.238268 0.014053
0 0.611879 0.840941 0.200621 0.014053
0 0.665596 0.870562 0.308056 0.014053
0 0.628203 0.900259 0.233268 0.014053
0 0.193840 0.597588 0.207484 0.014242
4 0.497696 0.346098 0.815196 0.472500
1 0.194428 0.766869 0.208660 0.015985
