0 0.286985 0.173277 0.393775 0.132689
0 0.286977 0.343883 0.393758 0.147563
0 0.286969 0.477418 0.393742 0.088220
0 0.286985 0.625777 0.393775 0.147538
0 0.286985 0.789009 0.393775 0.147614
0 0.708440 0.165865 0.393742 0.117841
0 0.286985 0.900259 0.393775 0.043750
0 0.708456 0.269729 0.393775 0.058598
0 0.708448 0.440335 0.393758 0.251477
0 0.708497 0.648011 0.393856 0.103093
0 0.708456 0.781585 0.393775 0.132765
0 0.575294 0.885398 0.127451 0.014053
1 0.229281 0.262399 0.278366 0.015985
1 0.180948 0.544293 0.181699 0.015985
1 0.607492 0.588838 0.191846 0.015985
1 0.639992 0.870732 0.256846 0.015985
