0 0.286961 0.121370 0.393725 0.028775
0 0.286928 0.165890 0.393660 0.028851
0 0.286961 0.240057 0.393725 0.088220
0 0.285711 0.306761 0.391225 0.014053
0 0.286928 0.343908 0.393660 0.028851
0 0.286920 0.388441 0.393644 0.028876
0 0.286904 0.432936 0.393611 0.028851
0 0.286969 0.477475 0.393742 0.028864
0 0.286920 0.521944 0.393644 0.028864
0 0.286912 0.566477 0.393627 0.028889
0 0.286969 0.610972 0.393742 0.028838
0 0.286920 0.655486 0.393644 0.028902
0 0.286904 0.699962 0.393611 0.028889
0 0.286969 0.759306 0.393742 0.058535
0 0.708489 0.210372 0.393840 0.206856
0 0.286985 0.863163 0.393775 0.117942
0 0.708448 0.403251 0.393758 0.147614
0 0.708480 0.603516 0.393824 0.221806
0 0.708456 0.826105 0.393775 0.192083
