0 0.286985 0.180663 0.393775 0.117917
0 0.286985 0.321660 0.393775 0.132765
0 0.286993 0.477418 0.393791 0.147614
0 0.286977 0.640638 0.393758 0.147538
0 0.286985 0.766717 0.393775 0.073409
0 0.286961 0.840941 0.393725 0.043750
0 0.708448 0.165852 0.393758 0.117841
0 0.286961 0.907670 0.393725 0.028902
0 0.708448 0.262304 0.393758 0.043750
0 0.708456 0.440322 0.393775 0.251477
0 0.708456 0.640600 0.393775 0.117917
0 0.708448 0.811244 0.393758 0.192083
1 0.125515 0.114066 0.070833 0.015985
1 0.119493 0.885505 0.058791 0.015985
1 0.601185 0.306540 0.179232 0.013939
