0 0.286969 0.121345 0.393742 0.028826
0 0.286985 0.380966 0.393775 0.429457
0 0.286985 0.699981 0.393775 0.147614
0 0.708456 0.136206 0.393775 0.058523
0 0.286977 0.863163 0.393758 0.117917
0 0.708456 0.247443 0.393775 0.073447
0 0.708489 0.418049 0.393840 0.177235
0 0.708448 0.625777 0.393758 0.177235
0 0.708448 0.781572 0.393758 0.073371
0 0.708440 0.885436 0.393742 0.073371
1 0.167369 0.158131 0.154542 0.013939
1 0.172761 0.618056 0.165327 0.013939
1 0.196446 0.796086 0.212696 0.013939
1 0.698758 0.195253 0.374379 0.028788
1 0.664167 0.313965 0.305196 0.028788
1 0.595727 0.529040 0.168317 0.013939
1 0.571364 0.736768 0.119592 0.013939
1 0.604453 0.841035 0.185768 0.015985
