0 0.286977 0.151004 0.393758 0.058598
0 0.286977 0.366168 0.393758 0.340417
0 0.286969 0.625789 0.393742 0.147538
0 0.286985 0.796395 0.393775 0.162386
0 0.708456 0.225221 0.393775 0.236553
0 0.286985 0.907683 0.393775 0.028902
0 0.708456 0.470019 0.393775 0.162386
0 0.708456 0.662860 0.393775 0.162462
0 0.626650 0.756004 0.230163 0.011881
3 0.709020 0.847841 0.394902 0.155227
1 0.141806 0.114066 0.103415 0.015985
1 0.543203 0.366263 0.063268 0.015985
1 0.539191 0.380707 0.055245 0.013939
1 0.573930 0.573586 0.124722 0.013939
