0 0.286977 0.225208 0.393758 0.236553
0 0.286977 0.514527 0.393758 0.281124
0 0.154469 0.692519 0.128742 0.014053
0 0.251430 0.722229 0.322663 0.014053
0 0.185392 0.751926 0.190588 0.014053
0 0.192312 0.781547 0.204428 0.014053
0 0.189657 0.811244 0.199118 0.014053
0 0.214404 0.840941 0.248611 0.014053
0 0.213815 0.870562 0.247435 0.014053
0 0.162002 0.900259 0.143807 0.014053
0 0.708456 0.878011 0.393775 0.058523
0 0.708717 0.687134 0.394297 0.204242
4 0.708440 0.343314 0.395114 0.468093
1 0.135539 0.366263 0.090882 0.015985
1 0.147525 0.677854 0.114853 0.015985
1 0.604453 0.841035 0.185768 0.015985
