0 0.286985 0.262292 0.393775 0.281174
0 0.708415 0.121357 0.393693 0.028826
0 0.286985 0.529350 0.393775 0.221780
0 0.708448 0.195524 0.393758 0.088220
0 0.708448 0.329072 0.393758 0.088220
0 0.708456 0.447746 0.393775 0.088295
0 0.708456 0.581269 0.393775 0.117917
0 0.481176 0.661913 0.782157 0.011881
3 0.497696 0.753788 0.815196 0.155152
1 0.139363 0.114066 0.098529 0.015985
1 0.540907 0.262399 0.058676 0.015985
1 0.539191 0.276843 0.055245 0.013939
1 0.668448 0.395556 0.313758 0.013939
1 0.667721 0.514192 0.312304 0.013939
