0 0.208106 0.278103 0.264697 0.269387
0 0.204242 0.630785 0.256970 0.435006
0 0.489141 0.342765 0.240909 0.392861
0 0.496717 0.709444 0.256061 0.252375
0 0.794116 0.553563 0.265000 0.083806
0 0.500960 0.878020 0.264545 0.083806
0 0.791658 0.786724 0.260084 0.101622
0 0.782029 0.858155 0.240825 0.019885
0 0.786103 0.888614 0.248973 0.020038
0 0.786801 0.669330 0.250370 0.009668
0 0.789285 0.638729 0.255337 0.030204
0 0.739966 0.463972 0.358721 0.048225
4 0.742424 0.289253 0.363670 0.279681
1 0.494832 0.564259 0.252290 0.029387
1 0.484579 0.098895 0.817643 0.035160
0 0.257264 0.123978 0.363013 0.012656
