0 0.286977 0.225170 0.393758 0.206932
0 0.286985 0.432910 0.393775 0.177235
0 0.286977 0.588706 0.393758 0.103068
0 0.286977 0.707418 0.393758 0.103068
0 0.286977 0.826054 0.393758 0.103068
0 0.708456 0.403239 0.393775 0.117917
0 0.708448 0.484880 0.393758 0.014053
0 0.708415 0.536774 0.393693 0.028902
0 0.708440 0.603554 0.393742 0.073371
0 0.708456 0.685145 0.393775 0.058523
0 0.708456 0.803845 0.393775 0.117917
0 0.708456 0.900259 0.393775 0.043750
0 0.608529 0.112973 0.193922 0.011881
3 0.708284 0.198371 0.393431 0.142197
1 0.139363 0.114066 0.098529 0.015985
1 0.546928 0.321717 0.070719 0.015985
1 0.549028 0.336162 0.074918 0.013939
1 0.639526 0.736768 0.255915 0.013939
