0 0.286985 0.362330 0.393775 0.103068
0 0.286977 0.451395 0.393758 0.043750
0 0.286977 0.532973 0.393758 0.058598
0 0.286977 0.696155 0.393758 0.206932
0 0.286977 0.874236 0.393758 0.117917
0 0.708448 0.414274 0.393758 0.206932
0 0.708456 0.614577 0.393775 0.162386
0 0.708456 0.822292 0.393775 0.192083
0 0.347222 0.112973 0.514248 0.011881
0 0.314592 0.256818 0.436046 0.012045
3 0.497696 0.185455 0.815196 0.116364
1 0.133039 0.496035 0.085882 0.015985
1 0.237026 0.584646 0.293856 0.013939
1 0.641944 0.718131 0.260752 0.013939
