0 0.286985 0.566117 0.393775 0.206856
0 0.286977 0.766420 0.393758 0.132765
0 0.708448 0.529047 0.393758 0.162386
0 0.286985 0.885107 0.393775 0.073447
0 0.708440 0.684830 0.393742 0.088220
0 0.591822 0.766383 0.160507 0.014053
0 0.582263 0.796092 0.141389 0.014053
0 0.637933 0.825789 0.252729 0.014053
0 0.623922 0.855410 0.224706 0.014053
0 0.666830 0.885107 0.310523 0.014053
0 0.614673 0.914804 0.206209 0.014053
0 0.472312 0.118958 0.764428 0.023851
0 0.147181 0.391136 0.101225 0.023712
3 0.497696 0.255682 0.815196 0.232879
1 0.175172 0.454571 0.170147 0.013939
1 0.171381 0.691919 0.162565 0.013939
1 0.556961 0.633005 0.090784 0.015985
1 0.594551 0.751717 0.165964 0.015985
