0 0.286977 0.165852 0.393758 0.117866
0 0.286985 0.284539 0.393775 0.088220
0 0.286985 0.395814 0.393775 0.103093
0 0.286969 0.544148 0.393742 0.103093
0 0.286969 0.670284 0.393742 0.117942
0 0.286977 0.826080 0.393758 0.162412
0 0.708480 0.173277 0.393824 0.132715
0 0.708456 0.299388 0.393775 0.088220
0 0.708497 0.455183 0.393856 0.192083
0 0.708497 0.655486 0.393856 0.177260
0 0.708480 0.811231 0.393824 0.073472
0 0.708456 0.885410 0.393775 0.043750
1 0.133039 0.470126 0.085882 0.015985
1 0.145743 0.484482 0.111291 0.014116
1 0.558145 0.766376 0.093154 0.014116
