0 0.286985 0.188125 0.393775 0.162386
0 0.286977 0.329085 0.393758 0.088220
0 0.286961 0.410676 0.393725 0.043674
0 0.286985 0.521951 0.393775 0.117917
0 0.286977 0.685133 0.393758 0.147614
0 0.286985 0.833479 0.393775 0.117917
0 0.708448 0.180663 0.393758 0.117917
0 0.708448 0.291963 0.393758 0.073371
0 0.708448 0.366168 0.393758 0.043750
0 0.708456 0.455170 0.393775 0.073447
0 0.708440 0.529350 0.393742 0.043750
0 0.708448 0.648011 0.393758 0.132765
0 0.708440 0.789009 0.393742 0.117917
0 0.708448 0.907670 0.393758 0.028902
1 0.125515 0.455278 0.070833 0.015985
1 0.135792 0.603283 0.091389 0.013939
1 0.557255 0.113662 0.091373 0.013939
1 0.557255 0.410404 0.091373 0.013939
1 0.557255 0.573586 0.091373 0.013939
1 0.708971 0.877715 0.394804 0.028712
