0 0.286977 0.573845 0.393758 0.103068
0 0.286977 0.737027 0.393758 0.132765
0 0.708440 0.581282 0.393742 0.117917
0 0.286977 0.870600 0.393758 0.103068
0 0.708448 0.803807 0.393758 0.236629
0 0.384199 0.112973 0.588203 0.011881
0 0.403113 0.320701 0.626029 0.011881
0 0.497655 0.248447 0.802173 0.047121
0 0.497876 0.449034 0.802614 0.058826
3 0.497696 0.172500 0.815196 0.090455
3 0.497696 0.373712 0.815196 0.077576
1 0.133039 0.648157 0.085882 0.015985
1 0.286912 0.662601 0.393627 0.013939
1 0.707565 0.670025 0.391993 0.028788
