0 0.497745 0.128617 0.630000 0.043876
0 0.498382 0.194255 0.631275 0.073636
0 0.286977 0.382936 0.393758 0.147614
0 0.286977 0.553592 0.393758 0.162386
0 0.286985 0.716799 0.393775 0.103068
0 0.708423 0.293933 0.393709 0.028826
0 0.286977 0.865133 0.393758 0.132765
0 0.708456 0.405208 0.393775 0.132765
0 0.708448 0.560966 0.393758 0.117917
0 0.708440 0.672266 0.393742 0.073371
0 0.708440 0.798390 0.393742 0.117917
0 0.708448 0.902229 0.393758 0.058598
1 0.139363 0.286641 0.098529 0.015985
1 0.216618 0.301086 0.253039 0.013939
1 0.212132 0.657146 0.244069 0.013939
1 0.153317 0.790631 0.126438 0.013939
1 0.620547 0.330707 0.217958 0.013939
1 0.685964 0.493965 0.348791 0.013939
1 0.608440 0.731313 0.193742 0.013939
