0 0.286977 0.158428 0.393758 0.073447
0 0.286953 0.225183 0.393709 0.028902
0 0.130294 0.262304 0.055686 0.014053
0 0.178145 0.292001 0.126683 0.014053
0 0.161029 0.321622 0.067745 0.014053
0 0.181087 0.351319 0.132565 0.014053
0 0.133235 0.381016 0.061569 0.014053
0 0.286961 0.425486 0.393725 0.043750
0 0.206773 0.470032 0.208644 0.014053
0 0.132753 0.499653 0.035899 0.014053
0 0.305433 0.529350 0.356552 0.014053
0 0.135694 0.559047 0.041781 0.014053
0 0.155645 0.588668 0.106389 0.014053
0 0.184967 0.618365 0.189739 0.014053
0 0.120441 0.648062 0.035980 0.014053
0 0.190343 0.677683 0.151078 0.014053
0 0.123382 0.707380 0.041863 0.014053
0 0.286977 0.744501 0.393758 0.028902
0 0.179706 0.781408 0.154510 0.014331
0 0.286977 0.848327 0.393758 0.088220
0 0.708440 0.128782 0.393742 0.043674
0 0.708431 0.210360 0.393725 0.058523
0 0.708440 0.306799 0.393742 0.103068
0 0.708399 0.403239 0.393660 0.028826
0 0.708448 0.484830 0.393758 0.103093
0 0.708440 0.581269 0.393742 0.058548
0 0.708448 0.692557 0.393758 0.132790
0 0.708440 0.788971 0.393742 0.028902
0 0.708431 0.870587 0.393725 0.073371
1 0.108325 0.113662 0.036454 0.013939
1 0.527966 0.172980 0.032794 0.013939
1 0.578137 0.381111 0.133137 0.015985
1 0.608448 0.825783 0.193758 0.013939
