0 0.286985 0.158466 0.393775 0.103068
0 0.286969 0.262292 0.393742 0.043750
0 0.286977 0.373554 0.393758 0.147614
0 0.286985 0.529375 0.393775 0.103068
0 0.286985 0.662860 0.393775 0.103093
0 0.708423 0.128782 0.393709 0.043674
0 0.286993 0.833504 0.393791 0.177235
0 0.708464 0.240057 0.393791 0.117917
0 0.708448 0.403239 0.393758 0.147614
0 0.708440 0.573857 0.393742 0.162462
0 0.708489 0.729615 0.393840 0.117917
0 0.708440 0.863176 0.393742 0.117917
1 0.213064 0.232298 0.245931 0.013939
1 0.170270 0.469722 0.160343 0.013939
1 0.210989 0.603283 0.241781 0.013939
1 0.203145 0.736768 0.226095 0.013939
1 0.650580 0.172980 0.278023 0.013939
1 0.601618 0.321717 0.180098 0.015985
