0 0.708456 0.517683 0.393775 0.073447
0 0.286985 0.910852 0.393775 0.028902
0 0.708448 0.643782 0.393758 0.147614
0 0.708456 0.784766 0.393775 0.103068
0 0.708464 0.888592 0.393791 0.073447
0 0.163227 0.112973 0.146258 0.011881
0 0.262794 0.279337 0.345392 0.011881
0 0.285825 0.493049 0.391454 0.023851
0 0.259665 0.679943 0.339134 0.011881
3 0.497696 0.172500 0.815196 0.090455
3 0.497696 0.364697 0.815196 0.142273
3 0.287500 0.570417 0.394804 0.114167
3 0.286961 0.765303 0.393725 0.142273
1 0.119493 0.888687 0.058791 0.015985
