0 0.286985 0.358731 0.393775 0.088295
0 0.204118 0.425486 0.228039 0.014053
0 0.286977 0.499691 0.393758 0.103068
0 0.286977 0.662910 0.393758 0.192083
0 0.708448 0.358744 0.393758 0.088295
0 0.286993 0.848327 0.393791 0.147614
0 0.708456 0.484842 0.393775 0.132765
0 0.708440 0.603567 0.393742 0.073371
0 0.708423 0.670309 0.393709 0.028826
0 0.708391 0.722241 0.393644 0.043750
0 0.708448 0.833529 0.393758 0.147538
0 0.481438 0.112973 0.782680 0.011881
0 0.265343 0.269773 0.337549 0.012045
3 0.497696 0.191932 0.815196 0.129318
