0 0.286985 0.143617 0.393775 0.073371
0 0.286969 0.217797 0.393742 0.043674
0 0.286969 0.321648 0.393742 0.103068
0 0.286977 0.432948 0.393758 0.088220
0 0.286985 0.625789 0.393775 0.266326
0 0.708440 0.121357 0.393742 0.028826
0 0.286985 0.848327 0.393775 0.147614
0 0.708440 0.195524 0.393742 0.088220
0 0.708456 0.329085 0.393775 0.147614
0 0.708448 0.536761 0.393758 0.206932
0 0.708456 0.707418 0.393775 0.103068
0 0.708448 0.848327 0.393758 0.147614
1 0.125515 0.262399 0.070833 0.015985
1 0.540907 0.425581 0.058676 0.015985
