0 0.286977 0.165852 0.393758 0.117841
0 0.286977 0.373580 0.393758 0.236629
0 0.286985 0.648049 0.393775 0.251477
0 0.708423 0.360486 0.393709 0.043750
0 0.286985 0.863163 0.393775 0.117917
0 0.708448 0.449489 0.393758 0.073447
0 0.708480 0.597822 0.393824 0.192109
0 0.708456 0.761054 0.393775 0.103068
0 0.708480 0.879766 0.393824 0.103068
0 0.708554 0.130966 0.393971 0.047866
3 0.708431 0.227917 0.393725 0.129318
1 0.196797 0.247146 0.213399 0.013939
1 0.244428 0.514192 0.308660 0.013939
1 0.163129 0.796086 0.146062 0.013939
1 0.601618 0.405051 0.180098 0.015985
