0 0.286977 0.462595 0.393758 0.177235
0 0.286985 0.596130 0.393775 0.058523
0 0.286977 0.670297 0.393758 0.058523
0 0.286961 0.737077 0.393725 0.043750
0 0.286977 0.855739 0.393758 0.132765
0 0.708448 0.432948 0.393758 0.117917
0 0.708448 0.573857 0.393758 0.132765
0 0.708456 0.714842 0.393775 0.117917
0 0.708448 0.840890 0.393758 0.073371
0 0.708415 0.907683 0.393693 0.028902
0 0.337516 0.112973 0.494837 0.011881
0 0.352173 0.297803 0.511209 0.012045
3 0.497696 0.205947 0.815196 0.157348
1 0.128472 0.781313 0.076748 0.013939
1 0.574461 0.796086 0.125784 0.013939
