0 0.286977 0.418087 0.393758 0.147614
0 0.286953 0.521926 0.393709 0.028902
0 0.286977 0.670284 0.393758 0.177311
0 0.286985 0.818668 0.393775 0.088295
0 0.708456 0.440322 0.393775 0.192083
0 0.286969 0.907670 0.393742 0.028902
0 0.708480 0.648062 0.393824 0.192083
0 0.708456 0.811282 0.393775 0.103068
0 0.708489 0.907178 0.393840 0.029886
0 0.488734 0.112973 0.797271 0.011881
0 0.260605 0.295606 0.328072 0.012045
3 0.497696 0.204848 0.815196 0.155152
1 0.119493 0.559141 0.058791 0.015985
1 0.192729 0.573586 0.205261 0.013939
1 0.197680 0.885101 0.215163 0.013939
1 0.658276 0.885101 0.293415 0.013939
