0 0.286969 0.165852 0.393742 0.117841
0 0.286993 0.358744 0.393791 0.236629
0 0.286985 0.558996 0.393775 0.103068
0 0.286985 0.692184 0.393775 0.103838
0 0.708456 0.143630 0.393775 0.073371
0 0.286985 0.855739 0.393775 0.132765
0 0.708448 0.277102 0.393758 0.132765
0 0.708456 0.499678 0.393775 0.251402
0 0.708456 0.781585 0.393775 0.281098
1 0.137279 0.499419 0.094363 0.013939
1 0.250980 0.632904 0.321765 0.013939
1 0.135948 0.766465 0.091699 0.013939
1 0.144616 0.781345 0.109036 0.013876
1 0.534150 0.202708 0.045163 0.013876
1 0.574739 0.365890 0.126340 0.013876
