0 0.497778 0.498314 0.630065 0.103270
0 0.286977 0.664754 0.393758 0.103068
0 0.286977 0.790827 0.393758 0.117917
0 0.708448 0.635057 0.393758 0.073371
0 0.286961 0.894691 0.393725 0.058523
0 0.708456 0.724085 0.393775 0.073371
0 0.708472 0.857595 0.393807 0.132689
0 0.492353 0.372980 0.804510 0.023662
0 0.492100 0.208857 0.804003 0.023523
0 0.178595 0.161528 0.176993 0.021768
1 0.396585 0.138788 0.612974 0.023813
1 0.218627 0.435354 0.071765 0.015985
1 0.151438 0.605505 0.122680 0.015985
1 0.665090 0.783516 0.307042 0.016023
