0 0.289330 0.523952 0.392974 0.146566
0 0.289314 0.676458 0.392941 0.133220
0 0.711716 0.517361 0.393039 0.133232
0 0.711691 0.683068 0.392990 0.120025
0 0.336234 0.762917 0.486781 0.012298
0 0.711765 0.835335 0.393137 0.059205
0 0.289322 0.842759 0.392958 0.044356
0 0.500482 0.911711 0.815278 0.048043
0 0.496879 0.387936 0.808072 0.024684
0 0.380368 0.263561 0.575049 0.060101
0 0.476626 0.189242 0.767565 0.038434
1 0.455065 0.146023 0.724444 0.046439
1 0.128088 0.432828 0.070490 0.015960
1 0.145359 0.813157 0.105033 0.016313
