0 0.286977 0.381307 0.393758 0.043750
0 0.286985 0.499981 0.393775 0.132765
0 0.286985 0.670638 0.393775 0.177235
0 0.286985 0.826433 0.393775 0.103068
0 0.708456 0.180713 0.393775 0.147538
0 0.286985 0.907986 0.393775 0.028902
0 0.708448 0.343895 0.393758 0.147538
0 0.708448 0.514501 0.393758 0.162386
0 0.708464 0.670303 0.393791 0.117904
0 0.708456 0.833516 0.393775 0.177235
0 0.287018 0.118958 0.393840 0.023851
0 0.222549 0.302696 0.251961 0.023775
3 0.287794 0.211477 0.395392 0.144470
1 0.133039 0.425884 0.085882 0.015985
