0 0.286977 0.343883 0.393758 0.028902
0 0.286969 0.454703 0.393742 0.133649
0 0.286985 0.633201 0.393775 0.162386
0 0.286953 0.759337 0.393709 0.028902
0 0.708489 0.447746 0.393840 0.236629
0 0.286985 0.885436 0.393775 0.073371
0 0.708456 0.714804 0.393775 0.266326
0 0.708440 0.892835 0.393742 0.058598
0 0.497745 0.136951 0.815294 0.059836
3 0.497696 0.226307 0.815196 0.104659
1 0.215670 0.380707 0.251144 0.013939
1 0.217353 0.543889 0.254510 0.013939
1 0.152451 0.736768 0.124706 0.013939
1 0.119493 0.796490 0.058791 0.015985
1 0.284877 0.825783 0.389559 0.043636
