0 0.286977 0.210360 0.393758 0.206856
0 0.286985 0.484830 0.393775 0.281098
0 0.286977 0.685145 0.393758 0.088220
0 0.286977 0.840928 0.393758 0.162386
0 0.708456 0.195562 0.393775 0.177235
0 0.708448 0.373542 0.393758 0.117917
0 0.603333 0.470019 0.183529 0.014053
0 0.610833 0.499640 0.198529 0.014053
0 0.576969 0.529350 0.130801 0.014053
0 0.614371 0.559047 0.205605 0.014053
0 0.599755 0.588668 0.176373 0.014053
0 0.674461 0.618365 0.325784 0.014053
0 0.700825 0.648062 0.378513 0.014053
0 0.653832 0.677683 0.284526 0.014053
0 0.628039 0.707380 0.232941 0.014053
0 0.688578 0.751913 0.354020 0.014053
0 0.708456 0.818655 0.393775 0.088295
0 0.708431 0.907670 0.393725 0.028902
1 0.128154 0.336162 0.076111 0.013939
1 0.131732 0.751616 0.083268 0.013939
1 0.556961 0.306944 0.090784 0.015985
1 0.568905 0.455278 0.114673 0.015985
1 0.595899 0.737172 0.168660 0.015985
1 0.604453 0.885505 0.185768 0.015985
