0 0.286985 0.165852 0.393775 0.117841
0 0.286985 0.321648 0.393775 0.132765
0 0.286969 0.447746 0.393742 0.058598
0 0.708440 0.151054 0.393742 0.088220
0 0.286985 0.603504 0.393775 0.162386
0 0.708456 0.447746 0.393775 0.444356
0 0.497745 0.712443 0.815294 0.023851
0 0.372132 0.875227 0.551127 0.012045
3 0.498333 0.797386 0.816471 0.129318
1 0.155351 0.247146 0.130507 0.013939
1 0.152451 0.410404 0.124706 0.013939
1 0.119493 0.499823 0.058791 0.015985
1 0.180768 0.514192 0.181340 0.013939
1 0.576487 0.217525 0.129837 0.013939
