0 0.286977 0.365057 0.393758 0.088220
0 0.286977 0.468403 0.393758 0.059583
0 0.286985 0.624678 0.393775 0.162462
0 0.286977 0.773024 0.393758 0.103068
0 0.708497 0.757841 0.393856 0.074167
0 0.286977 0.899148 0.393758 0.058523
0 0.708448 0.876875 0.393758 0.103068
0 0.708440 0.586111 0.393742 0.136439
0 0.308987 0.112973 0.437778 0.011881
0 0.444951 0.223788 0.696765 0.023712
3 0.497696 0.166023 0.815196 0.077500
4 0.708431 0.394583 0.393725 0.230379
1 0.119493 0.283535 0.058791 0.015985
1 0.287557 0.305404 0.394918 0.028788
1 0.199926 0.431540 0.219657 0.013939
1 0.252704 0.527980 0.325212 0.028788
1 0.286977 0.854343 0.393758 0.028788
1 0.554428 0.817702 0.085719 0.015985
