0 0.289306 0.615713 0.392925 0.221654
0 0.289346 0.778883 0.393007 0.073321
0 0.711618 0.518990 0.392843 0.029343
0 0.289297 0.882431 0.392908 0.073826
0 0.711691 0.615676 0.392990 0.102942
0 0.711716 0.756660 0.393039 0.117790
0 0.711708 0.882721 0.393023 0.073245
0 0.289771 0.429754 0.393856 0.119987
0 0.712320 0.417102 0.394248 0.119987
4 0.304020 0.240758 0.422353 0.241364
4 0.712042 0.234444 0.393758 0.228737
1 0.258587 0.837872 0.331487 0.013371
1 0.709510 0.555979 0.388627 0.013371
1 0.708007 0.689463 0.385621 0.013371
1 0.710270 0.837872 0.390147 0.013371
1 0.118399 0.110511 0.051111 0.011856
1 0.540768 0.110511 0.051144 0.011856
