0 0.289363 0.511288 0.393039 0.120051
0 0.289371 0.637279 0.393056 0.106705
0 0.711691 0.504880 0.392990 0.106376
0 0.289322 0.730082 0.392958 0.053699
0 0.711699 0.663788 0.393007 0.159798
0 0.711667 0.842569 0.392941 0.073245
0 0.289314 0.849956 0.392941 0.058472
0 0.500629 0.917102 0.815572 0.036048
0 0.496879 0.388580 0.808072 0.024609
0 0.431176 0.257538 0.676667 0.048056
0 0.460539 0.189236 0.735392 0.038447
1 0.472704 0.146023 0.759722 0.046439
1 0.128088 0.433434 0.070490 0.015960
1 0.145359 0.813157 0.105033 0.016313
