0 0.286985 0.262292 0.393775 0.281174
0 0.286993 0.618365 0.393791 0.399811
0 0.708448 0.151054 0.393758 0.088220
0 0.286993 0.878024 0.393791 0.088220
0 0.708456 0.262279 0.393775 0.103068
0 0.708489 0.544186 0.393840 0.340417
0 0.708448 0.788996 0.393758 0.088220
0 0.708456 0.892822 0.393775 0.058598
1 0.139363 0.114066 0.098529 0.015985
1 0.546928 0.336566 0.070719 0.015985
1 0.611168 0.351010 0.199199 0.013939
1 0.534248 0.365890 0.045359 0.013876
1 0.557484 0.736799 0.091830 0.013876
1 0.677451 0.855511 0.331765 0.013876
