0 0.286961 0.121345 0.393725 0.028826
0 0.286993 0.232595 0.393791 0.162386
0 0.286977 0.410663 0.393758 0.103068
0 0.286985 0.596080 0.393775 0.206932
0 0.708448 0.165865 0.393758 0.117841
0 0.286977 0.840928 0.393758 0.162386
0 0.708480 0.388384 0.393824 0.266288
0 0.708456 0.603542 0.393775 0.073371
0 0.708448 0.729602 0.393758 0.117917
0 0.708448 0.863163 0.393758 0.088220
1 0.125515 0.336566 0.070833 0.015985
1 0.277892 0.351010 0.375588 0.013939
1 0.184265 0.484571 0.188333 0.013939
1 0.262059 0.736768 0.343922 0.043636
1 0.621111 0.247146 0.219085 0.013939
1 0.641054 0.543832 0.258971 0.014053
1 0.582721 0.558769 0.142304 0.013876
1 0.633521 0.662601 0.243905 0.013939
1 0.550507 0.810966 0.077876 0.013876
