0 0.286985 0.449792 0.393775 0.192083
0 0.286969 0.575941 0.393742 0.028902
0 0.286993 0.657494 0.393791 0.103068
0 0.286977 0.761357 0.393758 0.073371
0 0.286969 0.842986 0.393742 0.058598
0 0.708440 0.368201 0.393742 0.028902
0 0.286953 0.909722 0.393709 0.043737
0 0.708456 0.523958 0.393775 0.221780
0 0.708456 0.739122 0.393775 0.177235
0 0.708480 0.887481 0.393824 0.088220
0 0.492998 0.118958 0.805801 0.023851
0 0.493562 0.297992 0.793987 0.023788
3 0.498137 0.209091 0.816078 0.139697
1 0.625891 0.405429 0.228644 0.015985
