0 0.286977 0.314186 0.393758 0.028902
0 0.286977 0.395814 0.393758 0.073371
0 0.286977 0.521926 0.393758 0.147538
0 0.286969 0.648024 0.393742 0.073371
0 0.286977 0.818655 0.393758 0.177235
0 0.708456 0.173239 0.393775 0.103068
0 0.708448 0.343883 0.393758 0.177235
0 0.708464 0.648062 0.393791 0.399811
0 0.707320 0.904463 0.391503 0.051477
0 0.282459 0.139223 0.384722 0.064381
3 0.287402 0.211458 0.394608 0.065871
1 0.135539 0.351414 0.090882 0.015985
1 0.183848 0.707475 0.187500 0.015985
1 0.157753 0.721919 0.135310 0.013939
1 0.554910 0.113662 0.086683 0.013939
1 0.576258 0.247146 0.129379 0.013939
1 0.592484 0.870732 0.161830 0.015985
