0 0.286985 0.217746 0.393775 0.192083
0 0.286985 0.418062 0.393775 0.177235
0 0.286985 0.685145 0.393775 0.325644
0 0.708464 0.158479 0.393791 0.103068
0 0.286977 0.892835 0.393758 0.058598
0 0.708505 0.366155 0.393873 0.192083
0 0.708448 0.544160 0.393758 0.132740
0 0.708448 0.655448 0.393758 0.058523
0 0.708448 0.774148 0.393758 0.117917
0 0.708440 0.892822 0.393742 0.058598
1 0.139363 0.114066 0.098529 0.015985
1 0.540907 0.232702 0.058676 0.015985
1 0.709208 0.254571 0.395278 0.028788
1 0.626152 0.707071 0.229167 0.013939
1 0.617222 0.855480 0.211307 0.013939
