0 0.286961 0.519110 0.393725 0.028902
0 0.286977 0.608100 0.393758 0.117917
0 0.286977 0.711963 0.393758 0.058523
0 0.286985 0.830676 0.393775 0.147614
0 0.708448 0.321622 0.393758 0.043750
0 0.708448 0.403251 0.393758 0.088220
0 0.708448 0.558996 0.393758 0.132765
0 0.708456 0.707418 0.393775 0.132765
0 0.708448 0.840903 0.393758 0.103068
0 0.428415 0.112973 0.676634 0.011881
0 0.283325 0.317860 0.386454 0.035896
3 0.497696 0.190795 0.815196 0.127045
3 0.287500 0.401174 0.394804 0.114167
1 0.590482 0.470126 0.157827 0.015985
1 0.575000 0.484571 0.126863 0.013939
