0 0.286969 0.314186 0.393742 0.028902
0 0.286985 0.440322 0.393775 0.162386
0 0.286985 0.648049 0.393775 0.162386
0 0.286977 0.826080 0.393758 0.132689
0 0.708448 0.410625 0.393758 0.192083
0 0.708448 0.618365 0.393758 0.192083
0 0.708440 0.751926 0.393742 0.043750
0 0.708448 0.863163 0.393758 0.117917
0 0.327859 0.112973 0.475523 0.011881
3 0.498333 0.191932 0.816471 0.129318
1 0.196928 0.351042 0.213660 0.013876
1 0.204142 0.543889 0.228088 0.013939
1 0.140163 0.558769 0.100131 0.013876
1 0.149518 0.751648 0.118840 0.013876
1 0.542296 0.306540 0.061454 0.013939
1 0.528783 0.796086 0.034428 0.013939
