0 0.286985 0.351307 0.393775 0.103144
0 0.286985 0.536761 0.393775 0.206932
0 0.286977 0.714792 0.393758 0.088295
0 0.286977 0.848314 0.393758 0.088220
0 0.708456 0.373554 0.393775 0.147614
0 0.708440 0.492266 0.393742 0.058523
0 0.708456 0.618352 0.393775 0.132689
0 0.708448 0.729653 0.393758 0.058598
0 0.708456 0.833466 0.393775 0.088220
0 0.708456 0.907683 0.393775 0.028902
0 0.214812 0.112973 0.249428 0.011881
0 0.194003 0.254621 0.194869 0.012045
3 0.497696 0.184356 0.815196 0.114167
1 0.183848 0.425581 0.187500 0.015985
1 0.119493 0.663005 0.058791 0.015985
1 0.146307 0.781313 0.112418 0.013939
1 0.110351 0.796117 0.040507 0.013876
1 0.534306 0.543889 0.045474 0.013939
1 0.531838 0.781345 0.040539 0.013876
