0 0.289371 0.378321 0.393056 0.518384
0 0.289257 0.682456 0.392827 0.028775
0 0.289322 0.801130 0.392958 0.117790
0 0.711691 0.170600 0.392990 0.132639
0 0.289338 0.897569 0.392990 0.043548
0 0.711716 0.385713 0.393039 0.236503
0 0.711691 0.563769 0.392990 0.088093
0 0.711724 0.786282 0.393056 0.266124
1 0.125596 0.110827 0.065507 0.013371
1 0.114273 0.659766 0.042859 0.013371
1 0.124975 0.719823 0.064265 0.016313
1 0.206307 0.734009 0.226928 0.013371
1 0.634338 0.259236 0.238284 0.013371
1 0.711626 0.637569 0.392859 0.028220
