0 0.289257 0.118668 0.392827 0.028775
0 0.289322 0.341206 0.392958 0.325518
0 0.711757 0.229956 0.393121 0.191957
0 0.711732 0.437645 0.393072 0.162336
0 0.711708 0.600827 0.393023 0.102942
0 0.711716 0.801130 0.393039 0.236427
0 0.289714 0.862216 0.393742 0.024003
4 0.289706 0.687121 0.393725 0.309545
1 0.289926 0.162797 0.394167 0.028220
1 0.709257 0.118251 0.388121 0.028220
1 0.707876 0.348251 0.385359 0.013371
1 0.662410 0.541130 0.294428 0.013371
1 0.561985 0.675278 0.093578 0.016313
1 0.118399 0.522784 0.051111 0.011856
