0 0.286977 0.237898 0.393758 0.232386
0 0.286985 0.591875 0.393775 0.414583
0 0.708456 0.262304 0.393775 0.310720
0 0.286969 0.881174 0.393742 0.103106
0 0.708489 0.499324 0.393840 0.133497
0 0.708431 0.597191 0.393725 0.031174
0 0.708489 0.678838 0.393840 0.105303
0 0.708472 0.759552 0.393807 0.032790
0 0.708489 0.810644 0.393840 0.044949
0 0.708489 0.892216 0.393840 0.059836
1 0.159126 0.113662 0.138056 0.013939
1 0.152075 0.376465 0.123954 0.013939
1 0.119428 0.821503 0.058660 0.014015
1 0.571397 0.855480 0.119657 0.013939
