0 0.286977 0.534716 0.393758 0.206932
0 0.286953 0.683125 0.393709 0.028902
0 0.286961 0.757292 0.393725 0.058598
0 0.708431 0.459312 0.393725 0.028826
0 0.286985 0.861155 0.393775 0.088295
0 0.708448 0.555739 0.393758 0.103068
0 0.708448 0.733807 0.393758 0.192083
0 0.708440 0.889564 0.393742 0.058598
0 0.697451 0.366376 0.371765 0.014242
0 0.144077 0.379937 0.107958 0.014242
0 0.698554 0.386717 0.373971 0.027803
0 0.265286 0.352816 0.350376 0.014242
4 0.497680 0.223447 0.815229 0.228258
4 0.708431 0.234899 0.393725 0.250101
4 0.287124 0.223447 0.394118 0.228258
1 0.240629 0.660556 0.301062 0.013939
1 0.109730 0.719981 0.039265 0.013876
1 0.107247 0.808996 0.034297 0.013876
1 0.573873 0.496086 0.124608 0.013939
1 0.540907 0.630051 0.058676 0.015985
1 0.554428 0.852551 0.085719 0.015985
