0 0.286985 0.462557 0.393775 0.325644
0 0.286969 0.670297 0.393742 0.058523
0 0.286961 0.760417 0.393725 0.060758
0 0.286977 0.825606 0.393758 0.044722
0 0.286977 0.892835 0.393758 0.058598
0 0.708448 0.329047 0.393758 0.058598
0 0.708448 0.418100 0.393758 0.088220
0 0.708440 0.521963 0.393742 0.088220
0 0.708456 0.610934 0.393775 0.058586
0 0.708448 0.707367 0.393758 0.073447
0 0.708440 0.803807 0.393742 0.058598
0 0.708448 0.885448 0.393758 0.073371
0 0.239248 0.112973 0.298301 0.011881
3 0.497696 0.191932 0.815196 0.129318
1 0.245335 0.721919 0.310474 0.013939
1 0.573873 0.662601 0.124608 0.013939
1 0.540907 0.766869 0.058676 0.015985
