0 0.286985 0.551572 0.393775 0.295947
0 0.708440 0.425486 0.393742 0.043750
0 0.286985 0.825713 0.393775 0.192816
0 0.708456 0.581269 0.393775 0.206856
0 0.708448 0.766723 0.393758 0.103068
0 0.708456 0.892822 0.393775 0.058598
0 0.214338 0.112973 0.248480 0.011881
0 0.482516 0.347727 0.771895 0.035379
3 0.498333 0.225076 0.816471 0.195606
1 0.201021 0.721919 0.221846 0.013939
1 0.632173 0.469722 0.241209 0.013939
1 0.573873 0.707071 0.124608 0.013939
1 0.540907 0.841035 0.058676 0.015985
1 0.539191 0.855480 0.055245 0.013939
