0 0.286977 0.180701 0.393758 0.147538
0 0.286985 0.381016 0.393775 0.221780
0 0.286969 0.581269 0.393742 0.117917
0 0.286977 0.714792 0.393758 0.058598
0 0.286969 0.818062 0.393742 0.089508
0 0.708489 0.292001 0.393840 0.370114
0 0.286977 0.900259 0.393758 0.043750
0 0.708440 0.514501 0.393742 0.043750
0 0.708480 0.685133 0.393824 0.236553
0 0.708489 0.878011 0.393840 0.088220
1 0.135539 0.514596 0.090882 0.015985
1 0.125515 0.663005 0.070833 0.015985
1 0.122565 0.677449 0.064935 0.013939
1 0.154845 0.766465 0.129493 0.013939
1 0.550866 0.558737 0.078595 0.013939
1 0.609469 0.825783 0.195801 0.013939
