0 0.286977 0.465739 0.393758 0.177311
0 0.286977 0.643782 0.393758 0.147614
0 0.708423 0.391547 0.393709 0.028902
0 0.286985 0.836648 0.393775 0.177311
0 0.708480 0.480600 0.393824 0.117917
0 0.708440 0.577001 0.393742 0.043750
0 0.708440 0.651199 0.393742 0.073359
0 0.708440 0.725410 0.393742 0.043750
0 0.708448 0.829223 0.393758 0.103068
0 0.830621 0.135814 0.047288 0.012235
0 0.330564 0.112973 0.480931 0.011881
0 0.495433 0.314394 0.797729 0.023712
3 0.497696 0.211326 0.815196 0.168106
1 0.180376 0.740354 0.180556 0.015985
1 0.569428 0.769571 0.115719 0.013939
