0 0.286953 0.306799 0.393709 0.043674
0 0.286985 0.566458 0.393775 0.414659
0 0.286985 0.863163 0.393775 0.117917
0 0.708440 0.336458 0.393742 0.043750
0 0.708391 0.403239 0.393644 0.028826
0 0.708456 0.521913 0.393775 0.147538
0 0.708456 0.640638 0.393775 0.058598
0 0.708456 0.781572 0.393775 0.162462
0 0.708448 0.907670 0.393758 0.028902
0 0.404338 0.112973 0.628480 0.011881
0 0.497647 0.236742 0.802157 0.023712
3 0.497696 0.172500 0.815196 0.090455
1 0.145016 0.351010 0.109837 0.013939
1 0.152451 0.796086 0.124706 0.013939
1 0.540907 0.292096 0.058676 0.015985
1 0.588203 0.306540 0.153268 0.013939
1 0.583627 0.380707 0.144118 0.013939
1 0.556373 0.440025 0.089608 0.013939
1 0.574003 0.692298 0.124869 0.013939
1 0.573529 0.885133 0.123922 0.013876
