0 0.286912 0.128769 0.393627 0.043674
0 0.286985 0.277140 0.393775 0.192109
0 0.286985 0.536761 0.393775 0.266326
0 0.286977 0.803807 0.393758 0.147538
0 0.708456 0.380966 0.393775 0.488826
0 0.708448 0.722216 0.393758 0.132689
0 0.708489 0.870587 0.393840 0.103068
1 0.141985 0.173011 0.103775 0.013876
1 0.154126 0.395587 0.128056 0.013876
1 0.119493 0.692626 0.058791 0.015985
1 0.270229 0.714495 0.360261 0.028788
1 0.688023 0.121086 0.352908 0.028788
1 0.635580 0.647753 0.248023 0.013939
1 0.651225 0.810934 0.279314 0.013939
