0 0.286985 0.653731 0.393775 0.192083
0 0.286977 0.824350 0.393758 0.117841
0 0.708431 0.121357 0.393725 0.028826
0 0.286985 0.913365 0.393775 0.028902
0 0.708456 0.232633 0.393775 0.103068
0 0.708440 0.336471 0.393742 0.073447
0 0.708448 0.558996 0.393758 0.310795
0 0.708489 0.781585 0.393840 0.103068
0 0.708448 0.885448 0.393758 0.073371
0 0.276683 0.118958 0.373170 0.023851
3 0.287500 0.324470 0.394804 0.370455
1 0.634036 0.158163 0.244935 0.013876
1 0.685180 0.173011 0.347222 0.013876
1 0.570817 0.395587 0.118497 0.013876
