0 0.286953 0.121345 0.393709 0.028826
0 0.286977 0.247443 0.393758 0.162386
0 0.286969 0.425511 0.393742 0.132765
0 0.286977 0.544198 0.393758 0.073447
0 0.286985 0.699956 0.393775 0.206932
0 0.708456 0.225221 0.393775 0.236553
0 0.286985 0.900246 0.393775 0.043750
0 0.708456 0.418100 0.393775 0.117917
0 0.708440 0.544186 0.393742 0.073447
0 0.708456 0.685133 0.393775 0.147614
0 0.662426 0.770852 0.301716 0.011881
3 0.708873 0.843258 0.394608 0.116364
1 0.139665 0.158163 0.099134 0.013876
1 0.262508 0.351042 0.344820 0.013876
1 0.141650 0.826187 0.103105 0.015985
1 0.287198 0.848056 0.394199 0.028788
1 0.136520 0.870360 0.092843 0.013876
1 0.708448 0.499451 0.393758 0.013876
1 0.580327 0.603314 0.137516 0.013876
