0 0.286977 0.188125 0.393758 0.162386
0 0.286985 0.403251 0.393775 0.236553
0 0.286977 0.625789 0.393758 0.177235
0 0.286961 0.803788 0.393725 0.147576
0 0.708480 0.188062 0.393824 0.103144
0 0.708497 0.314211 0.393856 0.117967
0 0.708440 0.418074 0.393742 0.058573
0 0.708448 0.507090 0.393758 0.088270
0 0.708448 0.655436 0.393758 0.147614
0 0.708505 0.766736 0.393873 0.043674
0 0.708440 0.870587 0.393742 0.103068
1 0.546928 0.114066 0.070719 0.015985
1 0.659722 0.128510 0.296307 0.013939
1 0.576528 0.573586 0.129918 0.013939
1 0.563399 0.810846 0.103660 0.014116
