0 0.286969 0.474564 0.393742 0.028902
0 0.286953 0.533933 0.393709 0.058523
0 0.286961 0.645208 0.393725 0.073371
0 0.286961 0.741660 0.393725 0.088220
0 0.286961 0.823232 0.393725 0.043687
0 0.286961 0.875183 0.393725 0.028902
0 0.708448 0.329034 0.393758 0.058598
0 0.708431 0.388441 0.393725 0.028902
0 0.708497 0.469981 0.393856 0.073396
0 0.708472 0.581269 0.393807 0.088245
0 0.708489 0.781534 0.393840 0.221780
0 0.284820 0.297001 0.389444 0.023952
0 0.236667 0.112973 0.293137 0.011881
3 0.287794 0.356061 0.395392 0.077576
3 0.497696 0.178333 0.815196 0.102121
1 0.140507 0.585467 0.100817 0.014116
1 0.122598 0.600410 0.065000 0.013927
1 0.543407 0.291711 0.063676 0.013927
1 0.544943 0.425183 0.066748 0.013927
1 0.546634 0.529040 0.070131 0.013939
1 0.559330 0.647664 0.095523 0.014116
1 0.546225 0.662607 0.069314 0.013927
