0 0.286985 0.399905 0.393775 0.103068
0 0.286993 0.681837 0.393791 0.370114
0 0.708456 0.392481 0.393775 0.117917
0 0.286977 0.911761 0.393758 0.028902
0 0.708464 0.599855 0.393791 0.178043
0 0.708480 0.807898 0.393824 0.177235
0 0.223627 0.112973 0.267059 0.011881
3 0.497696 0.208182 0.815196 0.161818
1 0.163815 0.340328 0.147435 0.013939
1 0.287508 0.481237 0.394820 0.028788
1 0.152982 0.889268 0.125768 0.013939
1 0.540907 0.474217 0.058676 0.015985
1 0.702876 0.496086 0.382614 0.028788
1 0.638227 0.711237 0.253317 0.013939
