0 0.286977 0.563125 0.393758 0.192083
0 0.286977 0.785663 0.393758 0.221730
0 0.708448 0.496357 0.393758 0.058523
0 0.708489 0.644716 0.393840 0.147538
0 0.708456 0.785663 0.393775 0.073371
0 0.708448 0.889527 0.393758 0.073371
0 0.281953 0.112973 0.383709 0.011881
0 0.276797 0.303655 0.373399 0.011881
0 0.497908 0.236742 0.805817 0.023712
0 0.497051 0.413220 0.800964 0.023788
3 0.497696 0.172500 0.815196 0.090455
3 0.498333 0.356023 0.816471 0.076288
1 0.540907 0.548384 0.058676 0.015985
1 0.622426 0.562828 0.221716 0.013939
1 0.675458 0.740859 0.327778 0.013939
1 0.679869 0.844722 0.336601 0.013939
