0 0.286969 0.128769 0.393742 0.043674
0 0.286993 0.254867 0.393791 0.117841
0 0.286977 0.484830 0.393758 0.281098
0 0.286985 0.722216 0.393775 0.132689
0 0.286969 0.870587 0.393742 0.103068
0 0.708480 0.173239 0.393824 0.103068
0 0.708456 0.329072 0.393775 0.147614
0 0.708448 0.507102 0.393758 0.147614
0 0.708456 0.655436 0.393775 0.088220
0 0.708431 0.759299 0.393725 0.058523
0 0.708603 0.864956 0.394069 0.091250
1 0.191111 0.172980 0.202026 0.013939
1 0.236446 0.187860 0.292696 0.013876
1 0.180302 0.336193 0.180408 0.013876
1 0.187712 0.647784 0.195229 0.013876
1 0.213211 0.810966 0.246225 0.013876
1 0.575596 0.113693 0.128056 0.013876
1 0.674739 0.247146 0.326340 0.013939
1 0.617165 0.425177 0.211193 0.013939
1 0.573873 0.603283 0.124608 0.013939
1 0.604453 0.722323 0.185768 0.015985
1 0.592484 0.811338 0.161830 0.015985
