0 0.286985 0.151042 0.393775 0.088220
0 0.286969 0.254880 0.393742 0.088295
0 0.286985 0.358744 0.393775 0.088295
0 0.286985 0.492266 0.393775 0.147614
0 0.286985 0.685133 0.393775 0.177311
0 0.286977 0.848327 0.393758 0.117917
0 0.708448 0.588693 0.393758 0.132765
0 0.708456 0.729640 0.393775 0.088295
0 0.708448 0.863163 0.393758 0.117917
0 0.708342 0.417551 0.393546 0.027803
4 0.708505 0.245878 0.393873 0.272058
1 0.123570 0.588434 0.066944 0.013939
1 0.546928 0.499823 0.070719 0.015985
1 0.544877 0.514192 0.066618 0.013939
1 0.545000 0.677449 0.066863 0.013939
1 0.549534 0.796086 0.075931 0.013939
