0 0.286977 0.121345 0.393758 0.028826
0 0.286985 0.277140 0.393775 0.221780
0 0.286977 0.507064 0.393758 0.177235
0 0.286985 0.707367 0.393775 0.162386
0 0.286969 0.855739 0.393742 0.073371
0 0.708448 0.240019 0.393758 0.236629
0 0.708456 0.507102 0.393775 0.236553
0 0.708448 0.737077 0.393758 0.192083
0 0.708448 0.885448 0.393758 0.073371
1 0.135784 0.158131 0.091373 0.013939
1 0.130997 0.410404 0.081797 0.013939
1 0.223170 0.618056 0.266144 0.013939
1 0.110310 0.810934 0.040425 0.013939
1 0.574461 0.113662 0.125784 0.013939
1 0.554428 0.381111 0.085719 0.015985
