0 0.286977 0.655436 0.393758 0.117917
0 0.708440 0.633213 0.393742 0.073447
0 0.286977 0.833504 0.393758 0.177235
0 0.662345 0.707367 0.301552 0.014053
0 0.708423 0.744501 0.393709 0.028902
0 0.615098 0.781547 0.207059 0.014053
0 0.621127 0.811244 0.219118 0.014053
0 0.604175 0.840941 0.185212 0.014053
0 0.658815 0.870562 0.294493 0.014053
0 0.702386 0.900259 0.381634 0.014053
0 0.232410 0.112973 0.284624 0.011881
3 0.497696 0.338068 0.815196 0.421591
1 0.135539 0.737172 0.090882 0.015985
1 0.568905 0.692626 0.114673 0.015985
