0 0.286961 0.442367 0.393725 0.028902
0 0.286977 0.538819 0.393758 0.132689
0 0.286985 0.716837 0.393775 0.162386
0 0.286977 0.850372 0.393758 0.073371
0 0.708456 0.464653 0.393775 0.073447
0 0.286969 0.917153 0.393742 0.028902
0 0.708472 0.612973 0.393807 0.162386
0 0.708505 0.820713 0.393873 0.221780
0 0.495515 0.118958 0.810833 0.023851
0 0.342034 0.312140 0.503873 0.011881
3 0.498137 0.189697 0.816078 0.100909
3 0.497696 0.352273 0.815196 0.051667
1 0.171119 0.627525 0.162042 0.013939
1 0.554428 0.524066 0.085719 0.015985
