0 0.500025 0.318065 0.848502 0.151916
0 0.280320 0.673033 0.409091 0.396718
0 0.719731 0.524821 0.409057 0.157050
0 0.280303 0.900460 0.409057 0.055683
0 0.719731 0.640128 0.409057 0.070677
0 0.719714 0.752874 0.409024 0.029502
0 0.707761 0.889917 0.385118 0.018940
0 0.711010 0.917656 0.391616 0.018940
0 0.500017 0.415677 0.848485 0.018940
0 0.719756 0.801411 0.409108 0.029157
0 0.499966 0.203206 0.848384 0.034227
0 0.450480 0.162037 0.749411 0.031277
1 0.486616 0.098678 0.821684 0.069617
1 0.124966 0.458934 0.098384 0.013218
