0 0.286985 0.180701 0.393775 0.147538
0 0.286977 0.366168 0.393758 0.192083
0 0.286977 0.625777 0.393758 0.236629
0 0.286977 0.840890 0.393758 0.132765
0 0.708480 0.202582 0.393824 0.163194
0 0.708440 0.366117 0.393742 0.103068
0 0.708505 0.566458 0.393873 0.206932
0 0.708489 0.811231 0.393840 0.221780
1 0.162190 0.484975 0.144183 0.015985
1 0.189003 0.499419 0.197810 0.013939
1 0.237451 0.766465 0.294706 0.013939
1 0.627802 0.113207 0.232467 0.014848
1 0.669959 0.306540 0.316781 0.013939
1 0.562190 0.440429 0.101242 0.015985
1 0.618652 0.454874 0.214167 0.013939
1 0.567500 0.692298 0.111863 0.013939
