0 0.286985 0.299375 0.393775 0.058523
0 0.286961 0.388390 0.393725 0.058523
0 0.286977 0.521926 0.393758 0.177235
0 0.286985 0.714804 0.393775 0.177235
0 0.286961 0.848327 0.393725 0.058523
0 0.708448 0.306812 0.393758 0.073371
0 0.286969 0.907683 0.393742 0.028902
0 0.708448 0.455183 0.393758 0.192083
0 0.708448 0.596143 0.393758 0.058523
0 0.708440 0.670309 0.393742 0.058523
0 0.708448 0.781572 0.393758 0.103068
0 0.708440 0.885448 0.393742 0.073371
0 0.230662 0.112973 0.281127 0.011881
0 0.325139 0.243864 0.457141 0.012045
3 0.497696 0.178977 0.815196 0.103409
1 0.175245 0.351010 0.170294 0.013939
1 0.580719 0.721919 0.138301 0.013939
