0 0.286961 0.269716 0.393725 0.028902
0 0.286985 0.388403 0.393775 0.177311
0 0.286993 0.714792 0.393791 0.414659
0 0.708448 0.329085 0.393758 0.147614
0 0.708440 0.462569 0.393742 0.088220
0 0.708448 0.685133 0.393758 0.266250
0 0.708448 0.878011 0.393758 0.058523
0 0.282868 0.112708 0.385539 0.012386
0 0.326569 0.217955 0.460000 0.012045
3 0.497696 0.166023 0.815196 0.077500
1 0.135539 0.499823 0.090882 0.015985
1 0.546928 0.529444 0.070719 0.015985
1 0.539420 0.543889 0.055703 0.013939
1 0.559526 0.840631 0.095915 0.013939
