0 0.286969 0.499678 0.393742 0.073371
0 0.286985 0.640625 0.393775 0.147538
0 0.286977 0.788996 0.393758 0.088220
0 0.708448 0.559047 0.393758 0.192083
0 0.286977 0.892822 0.393758 0.058598
0 0.708448 0.759299 0.393758 0.147614
0 0.708456 0.892822 0.393775 0.058598
0 0.483913 0.118958 0.787631 0.023851
3 0.497598 0.288030 0.815392 0.297576
1 0.285163 0.558737 0.390131 0.013939
1 0.111283 0.736799 0.042369 0.013876
1 0.100842 0.855511 0.021487 0.013876
1 0.580743 0.677481 0.138350 0.013876
1 0.552247 0.855511 0.081356 0.013876
