0 0.497737 0.545322 0.629984 0.058801
0 0.497696 0.596155 0.629902 0.029104
0 0.497729 0.639527 0.629967 0.043876
0 0.497729 0.682929 0.629967 0.029015
0 0.378676 0.468087 0.577157 0.011881
0 0.286977 0.812254 0.393758 0.103068
0 0.708448 0.834539 0.393758 0.177311
0 0.286969 0.901319 0.393742 0.043750
0 0.492353 0.406465 0.804510 0.023662
0 0.342181 0.248346 0.504167 0.011540
0 0.368619 0.207020 0.557042 0.021692
1 0.497100 0.161540 0.814003 0.069217
1 0.218627 0.504596 0.071765 0.015985
1 0.141806 0.753005 0.103415 0.015985
