0 0.286969 0.351307 0.393742 0.043750
0 0.286977 0.499678 0.393758 0.162462
0 0.286985 0.707367 0.393775 0.192083
0 0.708456 0.388390 0.393775 0.117917
0 0.286977 0.885436 0.393758 0.073371
0 0.708448 0.521951 0.393758 0.088220
0 0.708448 0.707367 0.393758 0.221780
0 0.708448 0.885436 0.393758 0.073371
0 0.497819 0.118958 0.815441 0.023851
3 0.497696 0.216212 0.815196 0.153939
1 0.183848 0.395960 0.187500 0.015985
1 0.148889 0.410404 0.117582 0.013939
1 0.251021 0.603283 0.321846 0.013939
1 0.264085 0.833207 0.347974 0.028788
1 0.575850 0.469722 0.128562 0.013939
1 0.540907 0.588838 0.058676 0.015985
1 0.593562 0.840631 0.163987 0.013939
