0 0.286977 0.143617 0.393758 0.073371
0 0.286985 0.292001 0.393775 0.192083
0 0.286977 0.529350 0.393758 0.251477
0 0.708456 0.180713 0.393775 0.147538
0 0.286993 0.796395 0.393791 0.251477
0 0.708456 0.343908 0.393775 0.147538
0 0.708423 0.462595 0.393709 0.028902
0 0.708448 0.536761 0.393758 0.058598
0 0.708440 0.603516 0.393742 0.043750
0 0.708440 0.662872 0.393742 0.043674
0 0.708456 0.722229 0.393775 0.043750
0 0.708440 0.781585 0.393742 0.043674
0 0.708431 0.848327 0.393725 0.058523
0 0.707876 0.920896 0.392614 0.024949
1 0.595899 0.440429 0.168660 0.015985
1 0.604453 0.499823 0.185768 0.015985
1 0.592484 0.900354 0.161830 0.015985
