0 0.206818 0.320760 0.262121 0.210230
0 0.209015 0.566596 0.266515 0.280473
0 0.492172 0.194649 0.246970 0.027612
0 0.206970 0.798519 0.262424 0.125951
0 0.499175 0.335128 0.260976 0.252375
0 0.501978 0.651220 0.266582 0.378838
0 0.792348 0.307043 0.261465 0.252375
0 0.494596 0.897190 0.251818 0.055709
0 0.790707 0.567043 0.258182 0.210230
0 0.790219 0.858257 0.257205 0.030102
0 0.786103 0.893844 0.248973 0.020051
0 0.794158 0.766450 0.265084 0.050651
0 0.787458 0.715460 0.251684 0.030204
0 0.788880 0.822542 0.254529 0.020026
0 0.120918 0.162292 0.090320 0.012656
1 0.500968 0.118052 0.850421 0.073474
1 0.179150 0.196648 0.206785 0.029387
1 0.205143 0.724208 0.258771 0.014061
1 0.490783 0.858001 0.244192 0.014061
1 0.772374 0.450594 0.221515 0.014061
