0 0.286977 0.470019 0.393758 0.043750
0 0.286977 0.610928 0.393758 0.147538
0 0.286977 0.774160 0.393758 0.147614
0 0.286977 0.877986 0.393758 0.028902
0 0.708448 0.521951 0.393758 0.117917
0 0.708440 0.655436 0.393742 0.088220
0 0.708448 0.774148 0.393758 0.088220
0 0.708431 0.877973 0.393725 0.028902
0 0.413725 0.112973 0.647255 0.011881
3 0.497696 0.275417 0.815196 0.296288
1 0.119493 0.514596 0.058791 0.015985
1 0.273619 0.529040 0.367042 0.013939
1 0.545474 0.454874 0.067810 0.013939
1 0.558219 0.603283 0.093301 0.013939
1 0.704020 0.721919 0.384902 0.013939
1 0.707018 0.848056 0.390899 0.028788
