0 0.286977 0.358693 0.393758 0.117917
0 0.286969 0.536774 0.393742 0.206932
0 0.286985 0.751875 0.393775 0.162462
0 0.708448 0.143630 0.393758 0.073371
0 0.286969 0.885448 0.393742 0.073371
0 0.708448 0.269729 0.393758 0.147538
0 0.708489 0.432910 0.393840 0.147538
0 0.708448 0.559009 0.393758 0.073371
0 0.708448 0.707367 0.393758 0.162386
0 0.708448 0.870587 0.393758 0.103068
0 0.267304 0.112973 0.354412 0.011881
0 0.287549 0.242576 0.381961 0.035379
3 0.287598 0.172500 0.395000 0.090455
1 0.133824 0.291692 0.087451 0.013939
1 0.108456 0.662601 0.036716 0.013939
1 0.548799 0.618056 0.074461 0.013939
1 0.586846 0.810934 0.150556 0.013939
