0 0.286977 0.329034 0.393758 0.028902
0 0.286977 0.418087 0.393758 0.088220
0 0.286977 0.514539 0.393758 0.073371
0 0.286977 0.625789 0.393758 0.117841
0 0.286977 0.759312 0.393758 0.117917
0 0.286977 0.878011 0.393758 0.058523
0 0.708448 0.173289 0.393758 0.132689
0 0.708431 0.321648 0.393725 0.103068
0 0.708472 0.462607 0.393807 0.147538
0 0.708448 0.625789 0.393758 0.147538
0 0.708440 0.759312 0.393742 0.088220
0 0.708440 0.863176 0.393742 0.088220
0 0.279134 0.118958 0.378072 0.023851
3 0.286765 0.198523 0.393333 0.118561
1 0.186422 0.365859 0.192647 0.013939
1 0.168922 0.840631 0.157647 0.013939
1 0.612492 0.261995 0.201846 0.013939
