0 0.286985 0.254905 0.393775 0.295947
0 0.286969 0.499691 0.393742 0.162462
0 0.286969 0.633213 0.393742 0.073447
0 0.286944 0.699956 0.393693 0.028902
0 0.286977 0.744501 0.393758 0.028902
0 0.708448 0.121357 0.393758 0.028826
0 0.286985 0.840896 0.393775 0.132753
0 0.708464 0.210360 0.393791 0.117917
0 0.708448 0.336509 0.393758 0.103068
0 0.708440 0.432910 0.393742 0.058598
0 0.708448 0.544148 0.393758 0.103068
0 0.708456 0.707380 0.393775 0.192083
0 0.708448 0.863144 0.393758 0.088258
1 0.554428 0.484975 0.085719 0.015985
