0 0.286985 0.151042 0.393775 0.088220
0 0.286969 0.277102 0.393742 0.103068
0 0.286985 0.455170 0.393775 0.192083
0 0.286977 0.714792 0.393758 0.236629
0 0.708440 0.143630 0.393742 0.073371
0 0.286977 0.885448 0.393758 0.073371
0 0.708456 0.284527 0.393775 0.147614
0 0.708448 0.432948 0.393758 0.117917
0 0.708472 0.544198 0.393807 0.073447
0 0.708456 0.722229 0.393775 0.251477
0 0.708440 0.892835 0.393742 0.058598
1 0.200980 0.217557 0.221765 0.013876
1 0.222680 0.351042 0.265163 0.013876
1 0.166601 0.573586 0.153007 0.013939
1 0.189657 0.588466 0.199118 0.013876
1 0.558096 0.202708 0.093056 0.013876
