0 0.497778 0.464021 0.630065 0.058826
0 0.497794 0.529665 0.630098 0.058876
0 0.497737 0.595316 0.629984 0.058813
0 0.497753 0.660991 0.630016 0.058826
0 0.286985 0.842292 0.393775 0.177235
0 0.708448 0.842292 0.393758 0.147538
0 0.492353 0.361010 0.804510 0.023662
0 0.427271 0.202891 0.674346 0.011540
0 0.187500 0.161559 0.194804 0.021679
1 0.486127 0.138813 0.792059 0.023763
1 0.218627 0.423308 0.071765 0.015985
1 0.139363 0.745960 0.098529 0.015985
1 0.546928 0.745960 0.070719 0.015985
1 0.532304 0.760404 0.041471 0.013939
