0 0.286977 0.284564 0.393758 0.028902
0 0.286985 0.403251 0.393775 0.177311
0 0.286985 0.618365 0.393775 0.221780
0 0.286969 0.803857 0.393742 0.117917
0 0.708431 0.291963 0.393725 0.043674
0 0.286969 0.900259 0.393742 0.043750
0 0.708440 0.366168 0.393742 0.073447
0 0.708497 0.514489 0.393856 0.162386
0 0.708489 0.714804 0.393840 0.206932
0 0.708448 0.878024 0.393758 0.088220
0 0.424820 0.112973 0.669444 0.011881
0 0.154608 0.216742 0.116078 0.012045
3 0.497696 0.165417 0.815196 0.076288
1 0.554428 0.425581 0.085719 0.015985
