0 0.286969 0.373580 0.393742 0.058598
0 0.286985 0.492254 0.393775 0.117917
0 0.286969 0.633213 0.393742 0.132689
0 0.286985 0.766723 0.393775 0.073371
0 0.286969 0.855751 0.393742 0.073371
0 0.708456 0.477418 0.393775 0.266250
0 0.708480 0.699981 0.393824 0.117942
0 0.708423 0.803807 0.393709 0.028902
0 0.708448 0.870587 0.393758 0.043674
0 0.320335 0.112948 0.460474 0.011907
0 0.413407 0.288220 0.633676 0.070455
3 0.497696 0.186553 0.815196 0.118561
1 0.155686 0.425177 0.131176 0.013939
1 0.194779 0.721919 0.209363 0.013939
1 0.556961 0.633308 0.090784 0.015985
1 0.595899 0.781641 0.168660 0.015985
1 0.604453 0.841035 0.185768 0.015985
