0 0.286977 0.507064 0.393758 0.028902
0 0.286985 0.618352 0.393775 0.132689
0 0.286985 0.744489 0.393775 0.058598
0 0.708497 0.536774 0.393856 0.088295
0 0.286977 0.863163 0.393758 0.117917
0 0.708448 0.707405 0.393758 0.132765
0 0.708448 0.863163 0.393758 0.117917
0 0.377002 0.112973 0.573807 0.011881
3 0.497598 0.295455 0.815000 0.336364
1 0.140433 0.543920 0.100670 0.013876
1 0.158137 0.707102 0.136078 0.013876
1 0.133039 0.796490 0.085882 0.015985
1 0.698186 0.610669 0.373235 0.028712
1 0.578374 0.632936 0.133611 0.013876
1 0.563693 0.796117 0.104248 0.013876
