0 0.286985 0.670284 0.393775 0.177311
0 0.286985 0.848327 0.393775 0.147614
0 0.708456 0.603554 0.393775 0.073371
0 0.565833 0.677582 0.108529 0.014255
0 0.605539 0.707279 0.187941 0.014230
0 0.605686 0.736989 0.188235 0.014205
0 0.621283 0.766686 0.219428 0.014205
0 0.621765 0.796319 0.220392 0.014205
0 0.708448 0.878011 0.393758 0.088220
0 0.495882 0.112973 0.811569 0.011881
0 0.294183 0.534432 0.395229 0.023788
3 0.499216 0.321326 0.818235 0.388106
1 0.135539 0.573990 0.090882 0.015985
1 0.618056 0.663005 0.212974 0.015985
1 0.604453 0.826187 0.185768 0.015985
