0 0.286977 0.217784 0.393758 0.221705
0 0.286977 0.374186 0.393758 0.061730
0 0.286969 0.544167 0.393742 0.251540
0 0.286985 0.774160 0.393775 0.177311
0 0.708448 0.136193 0.393758 0.058523
0 0.286961 0.907670 0.393725 0.028902
0 0.708440 0.210360 0.393742 0.028826
0 0.708480 0.373220 0.393824 0.207652
0 0.708489 0.670297 0.393840 0.355341
0 0.708431 0.907298 0.393725 0.029672
1 0.152451 0.885101 0.124706 0.013939
1 0.540907 0.188232 0.058676 0.015985
1 0.690482 0.254571 0.357827 0.028788
1 0.704657 0.877715 0.386176 0.028712
