0 0.286985 0.366162 0.393775 0.518460
0 0.286985 0.722229 0.393775 0.162386
0 0.708456 0.158479 0.393775 0.103068
0 0.286985 0.885436 0.393775 0.073371
0 0.708489 0.314223 0.393840 0.147614
0 0.708472 0.462557 0.393807 0.088220
0 0.708448 0.625777 0.393758 0.177235
0 0.708448 0.833504 0.393758 0.177235
1 0.183848 0.826187 0.187500 0.015985
1 0.117761 0.840631 0.055327 0.013939
1 0.564877 0.232298 0.106618 0.013939
1 0.574526 0.410404 0.125915 0.013939
1 0.587884 0.529040 0.152631 0.013939
1 0.690343 0.736768 0.357549 0.013939
