0 0.280320 0.109968 0.409091 0.098020
0 0.280328 0.481130 0.409108 0.593295
0 0.280311 0.879317 0.409074 0.097969
0 0.720488 0.509176 0.410572 0.241903
0 0.719731 0.673831 0.409057 0.084649
0 0.720488 0.821533 0.410572 0.127510
0 0.719714 0.907446 0.409024 0.041711
0 0.716995 0.080951 0.403586 0.011328
3 0.719764 0.214968 0.409125 0.246130
1 0.140253 0.176660 0.128956 0.012580
1 0.104082 0.802995 0.056616 0.013218
1 0.203460 0.822510 0.255370 0.012580
1 0.719680 0.372375 0.408956 0.028225
1 0.704015 0.741890 0.377626 0.028148
