0 0.286969 0.151004 0.393742 0.058598
0 0.286977 0.336458 0.393758 0.251477
0 0.286985 0.529388 0.393775 0.103068
0 0.286977 0.677317 0.393758 0.163245
0 0.286969 0.818655 0.393742 0.088295
0 0.708456 0.299413 0.393775 0.384962
0 0.286969 0.907670 0.393742 0.028902
0 0.694477 0.529337 0.365817 0.014053
0 0.615686 0.559047 0.208235 0.014053
0 0.706291 0.588295 0.389444 0.014798
0 0.593489 0.617721 0.163840 0.015316
0 0.593431 0.647418 0.163725 0.015316
0 0.607696 0.677683 0.192255 0.014053
0 0.662067 0.707380 0.300997 0.014053
0 0.662696 0.737077 0.302255 0.014053
0 0.570000 0.766774 0.116863 0.014053
0 0.589763 0.796395 0.156389 0.014053
0 0.708423 0.848352 0.393709 0.028902
0 0.708448 0.907670 0.393758 0.028902
1 0.135539 0.114066 0.090882 0.015985
1 0.125515 0.203081 0.070833 0.015985
1 0.120384 0.885101 0.060572 0.013939
1 0.594551 0.514596 0.165964 0.015985
1 0.595899 0.826187 0.168660 0.015985
1 0.604453 0.885505 0.185768 0.015985
