0 0.286969 0.121345 0.393742 0.028826
0 0.286977 0.180701 0.393758 0.058598
0 0.286985 0.314223 0.393775 0.147614
0 0.286977 0.499653 0.393758 0.192083
0 0.286985 0.677721 0.393775 0.132765
0 0.286977 0.781585 0.393758 0.043674
0 0.708456 0.158479 0.393775 0.103068
0 0.286977 0.885436 0.393758 0.073371
0 0.708448 0.284539 0.393758 0.117917
0 0.708448 0.381016 0.393758 0.043750
0 0.708456 0.536761 0.393775 0.206932
0 0.708489 0.796383 0.393840 0.251503
1 0.125515 0.232702 0.070833 0.015985
1 0.119493 0.826187 0.058791 0.015985
1 0.150989 0.840631 0.121781 0.013939
1 0.578391 0.425177 0.133644 0.013939
1 0.554428 0.663005 0.085719 0.015985
